-0.723051 0.234934 0.101149 0.595325 0.611908
-0.709765 0.272453 0.101149 0.611507 0.617316
-0.759868 0.246896 0.134205 0.599294 0.578996
-0.709765 0.272453 0.101149 0.611507 0.617316
-0.745905 0.286326 0.134205 0.616046 0.584498
-0.759868 0.246896 0.134205 0.599294 0.578996
-0.759868 0.246896 0.134205 0.599294 0.578996
-0.745905 0.286326 0.134205 0.616046 0.584498
-0.799232 0.259686 0.171363 0.603231 0.543845
-0.745905 0.286326 0.134205 0.616046 0.584498
-0.784546 0.301159 0.171363 0.620548 0.549424
-0.799232 0.259686 0.171363 0.603231 0.543845
-0.799232 0.259686 0.171363 0.603231 0.543845
-0.784546 0.301159 0.171363 0.620548 0.549424
-0.840918 0.273231 0.212759 0.607041 0.506848
-0.784546 0.301159 0.171363 0.620548 0.549424
-0.825466 0.316867 0.212759 0.624901 0.512480
-0.840918 0.273231 0.212759 0.607041 0.506848
-0.840918 0.273231 0.212759 0.607041 0.506848
-0.825466 0.316867 0.212759 0.624901 0.512480
-0.884746 0.287471 0.258551 0.610636 0.468413
-0.825466 0.316867 0.212759 0.624901 0.512480
-0.868488 0.333381 0.258551 0.629005 0.474073
-0.884746 0.287471 0.258551 0.610636 0.468413
-0.884746 0.287471 0.258551 0.610636 0.468413
-0.868488 0.333381 0.258551 0.629005 0.474073
-0.930569 0.302360 0.308915 0.613939 0.428971
-0.868488 0.333381 0.258551 0.629005 0.474073
-0.913469 0.350648 0.308915 0.632772 0.434632
-0.930569 0.302360 0.308915 0.613939 0.428971
-0.930569 0.302360 0.308915 0.613939 0.428971
-0.913469 0.350648 0.308915 0.632772 0.434632
-0.978265 0.317857 0.364038 0.616885 0.388968
-0.913469 0.350648 0.308915 0.632772 0.434632
-0.960289 0.368620 0.364038 0.636126 0.394600
-0.978265 0.317857 0.364038 0.616885 0.388968
-0.978265 0.317857 0.364038 0.616885 0.388968
-0.960289 0.368620 0.364038 0.636126 0.394600
-1.027729 0.333929 0.424114 0.619425 0.348850
-0.619275 0.165934 0.009714 0.567180 0.707677
-0.609742 0.198117 0.009714 0.581536 0.711998
-0.641417 0.171867 0.026099 0.569592 0.688579
-0.609742 0.198117 0.009714 0.581536 0.711998
-0.631544 0.205201 0.026099 0.584359 0.692985
-0.641417 0.171867 0.026099 0.569592 0.688579
-0.641417 0.171867 0.026099 0.569592 0.688579
-0.631544 0.205201 0.026099 0.584359 0.692985
-0.668660 0.179167 0.047048 0.572471 0.664899
-0.631544 0.205201 0.026099 0.584359 0.692985
-0.658367 0.213916 0.047048 0.587726 0.669399
-0.668660 0.179167 0.047048 0.572471 0.664899
-0.668660 0.179167 0.047048 0.572471 0.664899
-0.658367 0.213916 0.047048 0.587726 0.669399
-0.699853 0.187525 0.072104 0.575638 0.637589
-0.658367 0.213916 0.047048 0.587726 0.669399
-0.689080 0.223896 0.072104 0.591430 0.642186
-0.699853 0.187525 0.072104 0.575638 0.637589
-0.699853 0.187525 0.072104 0.575638 0.637589
-0.689080 0.223896 0.072104 0.591430 0.642186
-0.734356 0.196770 0.101149 0.578971 0.607219
-0.689080 0.223896 0.072104 0.591430 0.642186
-0.723051 0.234934 0.101149 0.595325 0.611908
-0.734356 0.196770 0.101149 0.578971 0.607219
-0.734356 0.196770 0.101149 0.578971 0.607219
-0.723051 0.234934 0.101149 0.595325 0.611908
-0.771748 0.206789 0.134205 0.582369 0.574226
-0.723051 0.234934 0.101149 0.595325 0.611908
-0.759868 0.246896 0.134205 0.599294 0.578996
-0.771748 0.206789 0.134205 0.582369 0.574226
-0.771748 0.206789 0.134205 0.582369 0.574226
-0.759868 0.246896 0.134205 0.599294 0.578996
-0.811728 0.217502 0.171363 0.585742 0.539009
-0.759868 0.246896 0.134205 0.599294 0.578996
-0.799232 0.259686 0.171363 0.603231 0.543845
-0.811728 0.217502 0.171363 0.585742 0.539009
-0.811728 0.217502 0.171363 0.585742 0.539009
-0.799232 0.259686 0.171363 0.603231 0.543845
-0.854065 0.228846 0.212759 0.589010 0.501964
-0.799232 0.259686 0.171363 0.603231 0.543845
-0.840918 0.273231 0.212759 0.607041 0.506848
-0.854065 0.228846 0.212759 0.589010 0.501964
-0.854065 0.228846 0.212759 0.589010 0.501964
-0.840918 0.273231 0.212759 0.607041 0.506848
-0.898579 0.240773 0.258551 0.592099 0.463504
-0.840918 0.273231 0.212759 0.607041 0.506848
-0.884746 0.287471 0.258551 0.610636 0.468413
-0.898579 0.240773 0.258551 0.592099 0.463504
-0.898579 0.240773 0.258551 0.592099 0.463504
-0.884746 0.287471 0.258551 0.610636 0.468413
-0.945118 0.253244 0.308915 0.594941 0.424062
-0.884746 0.287471 0.258551 0.610636 0.468413
-0.930569 0.302360 0.308915 0.613939 0.428971
-0.945118 0.253244 0.308915 0.594941 0.424062
-0.945118 0.253244 0.308915 0.594941 0.424062
-0.930569 0.302360 0.308915 0.613939 0.428971
-0.993559 0.266223 0.364038 0.597483 0.384083
-0.930569 0.302360 0.308915 0.613939 0.428971
-0.978265 0.317857 0.364038 0.616885 0.388968
-0.993559 0.266223 0.364038 0.597483 0.384083
-0.993559 0.266223 0.364038 0.597483 0.384083
-0.978265 0.317857 0.364038 0.616885 0.388968
-1.043797 0.279685 0.424114 0.599682 0.344015
-0.978265 0.317857 0.364038 0.616885 0.388968
-1.027729 0.333929 0.424114 0.619425 0.348850
-1.043797 0.279685 0.424114 0.599682 0.344015
-1.043797 0.279685 0.424114 0.599682 0.344015
-1.027729 0.333929 0.424114 0.619425 0.348850
-1.095739 0.293602 0.489343 0.601507 0.304285
-0.548858 0.116663 -0.000000 0.547989 0.752357
-0.542000 0.145228 -0.000000 0.561523 0.755828
-0.581144 0.123526 -0.000000 0.549790 0.733532
-0.542000 0.145228 -0.000000 0.561523 0.755828
-0.573882 0.153771 -0.000000 0.563694 0.737077
-0.581144 0.123526 -0.000000 0.549790 0.733532
-0.581144 0.123526 -0.000000 0.549790 0.733532
-0.573882 0.153771 -0.000000 0.563694 0.737077
-0.613429 0.130388 -0.000000 0.551436 0.715644
-0.573882 0.153771 -0.000000 0.563694 0.737077
-0.605765 0.162314 -0.000000 0.565678 0.719252
-0.613429 0.130388 -0.000000 0.551436 0.715644
-0.613429 0.130388 -0.000000 0.551436 0.715644
-0.605765 0.162314 -0.000000 0.565678 0.719252
-0.627110 0.133296 0.009714 0.552681 0.704022
-0.605765 0.162314 -0.000000 0.565678 0.719252
-0.619275 0.165934 0.009714 0.567180 0.707677
-0.627110 0.133296 0.009714 0.552681 0.704022
-0.627110 0.133296 0.009714 0.552681 0.704022
-0.619275 0.165934 0.009714 0.567180 0.707677
-0.649533 0.138063 0.026099 0.554682 0.684853
-0.619275 0.165934 0.009714 0.567180 0.707677
-0.641417 0.171867 0.026099 0.569592 0.688579
-0.649533 0.138063 0.026099 0.554682 0.684853
-0.649533 0.138063 0.026099 0.554682 0.684853
-0.641417 0.171867 0.026099 0.569592 0.688579
-0.677121 0.143927 0.047048 0.557071 0.661092
-0.641417 0.171867 0.026099 0.569592 0.688579
-0.668660 0.179167 0.047048 0.572471 0.664899
-0.677121 0.143927 0.047048 0.557071 0.661092
-0.677121 0.143927 0.047048 0.557071 0.661092
-0.668660 0.179167 0.047048 0.572471 0.664899
-0.708708 0.150641 0.072104 0.559701 0.633700
-0.668660 0.179167 0.047048 0.572471 0.664899
-0.699853 0.187525 0.072104 0.575638 0.637589
-0.708708 0.150641 0.072104 0.559701 0.633700
-0.708708 0.150641 0.072104 0.559701 0.633700
-0.699853 0.187525 0.072104 0.575638 0.637589
-0.743647 0.158067 0.101149 0.562471 0.603251
-0.699853 0.187525 0.072104 0.575638 0.637589
-0.734356 0.196770 0.101149 0.578971 0.607219
-0.743647 0.158067 0.101149 0.562471 0.603251
-0.743647 0.158067 0.101149 0.562471 0.603251
-0.734356 0.196770 0.101149 0.578971 0.607219
-0.781513 0.166116 0.134205 0.565298 0.570189
-0.734356 0.196770 0.101149 0.578971 0.607219
-0.771748 0.206789 0.134205 0.582369 0.574226
-0.781513 0.166116 0.134205 0.565298 0.570189
-0.781513 0.166116 0.134205 0.565298 0.570189
-0.771748 0.206789 0.134205 0.582369 0.574226
-0.821998 0.174721 0.171363 0.568109 0.534915
-0.771748 0.206789 0.134205 0.582369 0.574226
-0.811728 0.217502 0.171363 0.585742 0.539009
-0.821998 0.174721 0.171363 0.568109 0.534915
-0.821998 0.174721 0.171363 0.568109 0.534915
-0.811728 0.217502 0.171363 0.585742 0.539009
-0.864872 0.183834 0.212759 0.570837 0.497829
-0.811728 0.217502 0.171363 0.585742 0.539009
-0.854065 0.228846 0.212759 0.589010 0.501964
-0.864872 0.183834 0.212759 0.570837 0.497829
-0.864872 0.183834 0.212759 0.570837 0.497829
-0.854065 0.228846 0.212759 0.589010 0.501964
-0.909948 0.193415 0.258551 0.573421 0.459348
-0.854065 0.228846 0.212759 0.589010 0.501964
-0.898579 0.240773 0.258551 0.592099 0.463504
-0.909948 0.193415 0.258551 0.573421 0.459348
-0.909948 0.193415 0.258551 0.573421 0.459348
-0.898579 0.240773 0.258551 0.592099 0.463504
-0.957077 0.203433 0.308915 0.575806 0.419904
-0.898579 0.240773 0.258551 0.592099 0.463504
-0.945118 0.253244 0.308915 0.594941 0.424062
-0.957077 0.203433 0.308915 0.575806 0.419904
-0.957077 0.203433 0.308915 0.575806 0.419904
-0.945118 0.253244 0.308915 0.594941 0.424062
-1.006131 0.213860 0.364038 0.577947 0.379944
-0.945118 0.253244 0.308915 0.594941 0.424062
-0.993559 0.266223 0.364038 0.597483 0.384083
-1.006131 0.213860 0.364038 0.577947 0.379944
-1.006131 0.213860 0.364038 0.577947 0.379944
-0.993559 0.266223 0.364038 0.597483 0.384083
-1.057004 0.224673 0.424114 0.579807 0.339915
-0.993559 0.266223 0.364038 0.597483 0.384083
-1.043797 0.279685 0.424114 0.599682 0.344015
-1.057004 0.224673 0.424114 0.579807 0.339915
-1.057004 0.224673 0.424114 0.579807 0.339915
-1.043797 0.279685 0.424114 0.599682 0.344015
-1.109603 0.235853 0.489343 0.581364 0.300247
-1.043797 0.279685 0.424114 0.599682 0.344015
-1.095739 0.293602 0.489343 0.601507 0.304285
-1.109603 0.235853 0.489343 0.581364 0.300247
-0.521611 0.082615 -0.000000 0.532776 0.769372
-0.516572 0.109801 -0.000000 0.546019 0.772137
-0.554211 0.087778 -0.000000 0.534339 0.749523
-0.516572 0.109801 -0.000000 0.546019 0.772137
-0.548858 0.116663 -0.000000 0.547989 0.752357
-0.554211 0.087778 -0.000000 0.534339 0.749523
-0.554211 0.087778 -0.000000 0.534339 0.749523
-0.548858 0.116663 -0.000000 0.547989 0.752357
-0.586812 0.092942 -0.000000 0.535769 0.730638
-0.548858 0.116663 -0.000000 0.547989 0.752357
-0.581144 0.123526 -0.000000 0.549790 0.733532
-0.586812 0.092942 -0.000000 0.535769 0.730638
-0.586812 0.092942 -0.000000 0.535769 0.730638
-0.581144 0.123526 -0.000000 0.549790 0.733532
-0.619413 0.098105 -0.000000 0.537078 0.712697
-0.581144 0.123526 -0.000000 0.549790 0.733532
-0.613429 0.130388 -0.000000 0.551436 0.715644
-0.619413 0.098105 -0.000000 0.537078 0.712697
-0.619413 0.098105 -0.000000 0.537078 0.712697
-0.613429 0.130388 -0.000000 0.551436 0.715644
-0.633227 0.100293 0.009714 0.538066 0.701037
-0.613429 0.130388 -0.000000 0.551436 0.715644
-0.627110 0.133296 0.009714 0.552681 0.704022
-0.633227 0.100293 0.009714 0.538066 0.701037
-0.633227 0.100293 0.009714 0.538066 0.701037
-0.627110 0.133296 0.009714 0.552681 0.704022
-0.655869 0.103879 0.026099 0.539654 0.681809
-0.627110 0.133296 0.009714 0.552681 0.704022
-0.649533 0.138063 0.026099 0.554682 0.684853
-0.655869 0.103879 0.026099 0.539654 0.681809
-0.655869 0.103879 0.026099 0.539654 0.681809
-0.649533 0.138063 0.026099 0.554682 0.684853
-0.683726 0.108291 0.047048 0.541552 0.657981
-0.649533 0.138063 0.026099 0.554682 0.684853
-0.677121 0.143927 0.047048 0.557071 0.661092
-0.683726 0.108291 0.047048 0.541552 0.657981
-0.683726 0.108291 0.047048 0.541552 0.657981
-0.677121 0.143927 0.047048 0.557071 0.661092
-0.715621 0.113343 0.072104 0.543645 0.630521
-0.677121 0.143927 0.047048 0.557071 0.661092
-0.708708 0.150641 0.072104 0.559701 0.633700
-0.715621 0.113343 0.072104 0.543645 0.630521
-0.715621 0.113343 0.072104 0.543645 0.630521
-0.708708 0.150641 0.072104 0.559701 0.633700
-0.750901 0.118931 0.101149 0.545852 0.600007
-0.708708 0.150641 0.072104 0.559701 0.633700
-0.743647 0.158067 0.101149 0.562471 0.603251
-0.750901 0.118931 0.101149 0.545852 0.600007
-0.750901 0.118931 0.101149 0.545852 0.600007
-0.743647 0.158067 0.101149 0.562471 0.603251
-0.789135 0.124987 0.134205 0.548109 0.566886
-0.743647 0.158067 0.101149 0.562471 0.603251
-0.781513 0.166116 0.134205 0.565298 0.570189
-0.789135 0.124987 0.134205 0.548109 0.566886
-0.789135 0.124987 0.134205 0.548109 0.566886
-0.781513 0.166116 0.134205 0.565298 0.570189
-0.830016 0.131462 0.171363 0.550358 0.531565
-0.781513 0.166116 0.134205 0.565298 0.570189
-0.821998 0.174721 0.171363 0.568109 0.534915
-0.830016 0.131462 0.171363 0.550358 0.531565
-0.830016 0.131462 0.171363 0.550358 0.531565
-0.821998 0.174721 0.171363 0.568109 0.534915
-0.873308 0.138318 0.212759 0.552547 0.494445
-0.821998 0.174721 0.171363 0.568109 0.534915
-0.864872 0.183834 0.212759 0.570837 0.497829
-0.873308 0.138318 0.212759 0.552547 0.494445
-0.873308 0.138318 0.212759 0.552547 0.494445
-0.864872 0.183834 0.212759 0.570837 0.497829
-0.918824 0.145527 0.258551 0.554628 0.455943
-0.864872 0.183834 0.212759 0.570837 0.497829
-0.909948 0.193415 0.258551 0.573421 0.459348
-0.918824 0.145527 0.258551 0.554628 0.455943
-0.918824 0.145527 0.258551 0.554628 0.455943
-0.909948 0.193415 0.258551 0.573421 0.459348
-0.966412 0.153065 0.308915 0.556558 0.416496
-0.909948 0.193415 0.258551 0.573421 0.459348
-0.957077 0.203433 0.308915 0.575806 0.419904
-0.966412 0.153065 0.308915 0.556558 0.416496
-0.966412 0.153065 0.308915 0.556558 0.416496
-0.957077 0.203433 0.308915 0.575806 0.419904
-1.015945 0.160910 0.364038 0.558300 0.376549
-0.957077 0.203433 0.308915 0.575806 0.419904
-1.006131 0.213860 0.364038 0.577947 0.379944
-1.015945 0.160910 0.364038 0.558300 0.376549
-1.015945 0.160910 0.364038 0.558300 0.376549
-1.006131 0.213860 0.364038 0.577947 0.379944
-1.067314 0.169046 0.424114 0.559826 0.336551
-1.006131 0.213860 0.364038 0.577947 0.379944
-1.057004 0.224673 0.424114 0.579807 0.339915
-1.067314 0.169046 0.424114 0.559826 0.336551
-1.067314 0.169046 0.424114 0.559826 0.336551
-1.057004 0.224673 0.424114 0.579807 0.339915
-1.120426 0.177458 0.489343 0.561116 0.296930
-1.057004 0.224673 0.424114 0.579807 0.339915
-1.109603 0.235853 0.489343 0.581364 0.300247
-1.120426 0.177458 0.489343 0.561116 0.296930
-1.120426 0.177458 0.489343 0.561116 0.296930
-1.109603 0.235853 0.489343 0.581364 0.300247
-1.175199 0.186133 0.559930 0.562160 0.258078
-0.492393 0.051753 -0.000000 0.518181 0.788118
-0.489010 0.077452 -0.000000 0.531068 0.790198
-0.525220 0.055203 -0.000000 0.519442 0.767231
-0.489010 0.077452 -0.000000 0.531068 0.790198
-0.521611 0.082615 -0.000000 0.532776 0.769372
-0.525220 0.055203 -0.000000 0.519442 0.767231
-0.525220 0.055203 -0.000000 0.519442 0.767231
-0.521611 0.082615 -0.000000 0.532776 0.769372
-0.558046 0.058653 -0.000000 0.520598 0.747328
-0.521611 0.082615 -0.000000 0.532776 0.769372
-0.554211 0.087778 -0.000000 0.534339 0.749523
-0.558046 0.058653 -0.000000 0.520598 0.747328
-0.558046 0.058653 -0.000000 0.520598 0.747328
-0.554211 0.087778 -0.000000 0.534339 0.749523
-0.590872 0.062103 -0.000000 0.521658 0.728396
-0.554211 0.087778 -0.000000 0.534339 0.749523
-0.586812 0.092942 -0.000000 0.535769 0.730638
-0.590872 0.062103 -0.000000 0.521658 0.728396
-0.590872 0.062103 -0.000000 0.521658 0.728396
-0.586812 0.092942 -0.000000 0.535769 0.730638
-0.623698 0.065553 -0.000000 0.522629 0.710414
-0.586812 0.092942 -0.000000 0.535769 0.730638
-0.619413 0.098105 -0.000000 0.537078 0.712697
-0.623698 0.065553 -0.000000 0.522629 0.710414
-0.623698 0.065553 -0.000000 0.522629 0.710414
-0.619413 0.098105 -0.000000 0.537078 0.712697
-0.637608 0.067015 0.009714 0.523359 0.698724
-0.619413 0.098105 -0.000000 0.537078 0.712697
-0.633227 0.100293 0.009714 0.538066 0.701037
-0.637608 0.067015 0.009714 0.523359 0.698724
-0.637608 0.067015 0.009714 0.523359 0.698724
-0.633227 0.100293 0.009714 0.538066 0.701037
-0.660407 0.069412 0.026099 0.524534 0.679449
-0.633227 0.100293 0.009714 0.538066 0.701037
-0.655869 0.103879 0.026099 0.539654 0.681809
-0.660407 0.069412 0.026099 0.524534 0.679449
-0.660407 0.069412 0.026099 0.524534 0.679449
-0.655869 0.103879 0.026099 0.539654 0.681809
-0.688456 0.072360 0.047048 0.525941 0.655569
-0.655869 0.103879 0.026099 0.539654 0.681809
-0.683726 0.108291 0.047048 0.541552 0.657981
-0.688456 0.072360 0.047048 0.525941 0.655569
-0.688456 0.072360 0.047048 0.525941 0.655569
-0.683726 0.108291 0.047048 0.541552 0.657981
-0.720572 0.075735 0.072104 0.527496 0.628054
-0.683726 0.108291 0.047048 0.541552 0.657981
-0.715621 0.113343 0.072104 0.543645 0.630521
-0.720572 0.075735 0.072104 0.527496 0.628054
-0.720572 0.075735 0.072104 0.527496 0.628054
-0.715621 0.113343 0.072104 0.543645 0.630521
-0.756096 0.079469 0.101149 0.529140 0.597488
-0.715621 0.113343 0.072104 0.543645 0.630521
-0.750901 0.118931 0.101149 0.545852 0.600007
-0.756096 0.079469 0.101149 0.529140 0.597488
-0.756096 0.079469 0.101149 0.529140 0.597488
-0.750901 0.118931 0.101149 0.545852 0.600007
-0.794595 0.083515 0.134205 0.530827 0.564321
-0.750901 0.118931 0.101149 0.545852 0.600007
-0.789135 0.124987 0.134205 0.548109 0.566886
-0.794595 0.083515 0.134205 0.530827 0.564321
-0.794595 0.083515 0.134205 0.530827 0.564321
-0.789135 0.124987 0.134205 0.548109 0.566886
-0.835759 0.087842 0.171363 0.532514 0.528960
-0.789135 0.124987 0.134205 0.548109 0.566886
-0.830016 0.131462 0.171363 0.550358 0.531565
-0.835759 0.087842 0.171363 0.532514 0.528960
-0.835759 0.087842 0.171363 0.532514 0.528960
-0.830016 0.131462 0.171363 0.550358 0.531565
-0.879350 0.092423 0.212759 0.534166 0.491811
-0.830016 0.131462 0.171363 0.550358 0.531565
-0.873308 0.138318 0.212759 0.552547 0.494445
-0.879350 0.092423 0.212759 0.534166 0.491811
-0.879350 0.092423 0.212759 0.534166 0.491811
-0.873308 0.138318 0.212759 0.552547 0.494445
-0.925181 0.097240 0.258551 0.535745 0.453291
-0.873308 0.138318 0.212759 0.552547 0.494445
-0.918824 0.145527 0.258551 0.554628 0.455943
-0.925181 0.097240 0.258551 0.535745 0.453291
-0.925181 0.097240 0.258551 0.535745 0.453291
-0.918824 0.145527 0.258551 0.554628 0.455943
-0.973098 0.102277 0.308915 0.537221 0.413837
-0.918824 0.145527 0.258551 0.554628 0.455943
-0.966412 0.153065 0.308915 0.556558 0.416496
-0.973098 0.102277 0.308915 0.537221 0.413837
-0.973098 0.102277 0.308915 0.537221 0.413837
-0.966412 0.153065 0.308915 0.556558 0.416496
-1.022974 0.107519 0.364038 0.538567 0.373898
-0.966412 0.153065 0.308915 0.556558 0.416496
-1.015945 0.160910 0.364038 0.558300 0.376549
-1.022974 0.107519 0.364038 0.538567 0.373898
-1.022974 0.107519 0.364038 0.538567 0.373898
-1.015945 0.160910 0.364038 0.558300 0.376549
-1.074698 0.112955 0.424114 0.539761 0.333920
-1.015945 0.160910 0.364038 0.558300 0.376549
-1.067314 0.169046 0.424114 0.559826 0.336551
-1.074698 0.112955 0.424114 0.539761 0.333920
-1.074698 0.112955 0.424114 0.539761 0.333920
-1.067314 0.169046 0.424114 0.559826 0.336551
-1.128178 0.118576 0.489343 0.540788 0.294331
-1.067314 0.169046 0.424114 0.559826 0.336551
-1.120426 0.177458 0.489343 0.561116 0.296930
-1.128178 0.118576 0.489343 0.540788 0.294331
-1.128178 0.118576 0.489343 0.540788 0.294331
-1.120426 0.177458 0.489343 0.561116 0.296930
-1.183330 0.124373 0.559930 0.541639 0.255524
-1.120426 0.177458 0.489343 0.561116 0.296930
-1.175199 0.186133 0.559930 0.562160 0.258078
-1.183330 0.124373 0.559930 0.541639 0.255524
-0.494427 0.025912 -0.000000 0.505229 0.786649
-0.492393 0.051753 -0.000000 0.518181 0.788118
-0.527389 0.027639 -0.000000 0.506042 0.765718
-0.492393 0.051753 -0.000000 0.518181 0.788118
-0.525220 0.055203 -0.000000 0.519442 0.767231
-0.527389 0.027639 -0.000000 0.506042 0.765718
-0.527389 0.027639 -0.000000 0.506042 0.765718
-0.525220 0.055203 -0.000000 0.519442 0.767231
-0.560351 0.029367 -0.000000 0.506791 0.745776
-0.525220 0.055203 -0.000000 0.519442 0.767231
-0.558046 0.058653 -0.000000 0.520598 0.747328
-0.560351 0.029367 -0.000000 0.506791 0.745776
-0.560351 0.029367 -0.000000 0.506791 0.745776
-0.558046 0.058653 -0.000000 0.520598 0.747328
-0.593312 0.031094 -0.000000 0.507480 0.726810
-0.558046 0.058653 -0.000000 0.520598 0.747328
-0.590872 0.062103 -0.000000 0.521658 0.728396
-0.593312 0.031094 -0.000000 0.507480 0.726810
-0.593312 0.031094 -0.000000 0.507480 0.726810
-0.590872 0.062103 -0.000000 0.521658 0.728396
-0.626274 0.032822 -0.000000 0.508114 0.708797
-0.590872 0.062103 -0.000000 0.521658 0.728396
-0.623698 0.065553 -0.000000 0.522629 0.710414
-0.626274 0.032822 -0.000000 0.508114 0.708797
-0.626274 0.032822 -0.000000 0.508114 0.708797
-0.623698 0.065553 -0.000000 0.522629 0.710414
-0.640242 0.033554 0.009714 0.508586 0.697086
-0.623698 0.065553 -0.000000 0.522629 0.710414
-0.637608 0.067015 0.009714 0.523359 0.698724
-0.640242 0.033554 0.009714 0.508586 0.697086
-0.640242 0.033554 0.009714 0.508586 0.697086
-0.637608 0.067015 0.009714 0.523359 0.698724
-0.663134 0.034753 0.026099 0.509347 0.677777
-0.637608 0.067015 0.009714 0.523359 0.698724
-0.660407 0.069412 0.026099 0.524534 0.679449
-0.663134 0.034753 0.026099 0.509347 0.677777
-0.663134 0.034753 0.026099 0.509347 0.677777
-0.660407 0.069412 0.026099 0.524534 0.679449
-0.691300 0.036229 0.047048 0.510263 0.653857
-0.660407 0.069412 0.026099 0.524534 0.679449
-0.688456 0.072360 0.047048 0.525941 0.655569
-0.691300 0.036229 0.047048 0.510263 0.653857
-0.691300 0.036229 0.047048 0.510263 0.653857
-0.688456 0.072360 0.047048 0.525941 0.655569
-0.723548 0.037920 0.072104 0.511279 0.626301
-0.688456 0.072360 0.047048 0.525941 0.655569
-0.720572 0.075735 0.072104 0.527496 0.628054
-0.723548 0.037920 0.072104 0.511279 0.626301
-0.723548 0.037920 0.072104 0.511279 0.626301
-0.720572 0.075735 0.072104 0.527496 0.628054
-0.759219 0.039789 0.101149 0.512360 0.595696
-0.720572 0.075735 0.072104 0.527496 0.628054
-0.756096 0.079469 0.101149 0.529140 0.597488
-0.759219 0.039789 0.101149 0.512360 0.595696
-0.759219 0.039789 0.101149 0.512360 0.595696
-0.756096 0.079469 0.101149 0.529140 0.597488
-0.797877 0.041815 0.134205 0.513477 0.562492
-0.756096 0.079469 0.101149 0.529140 0.597488
-0.794595 0.083515 0.134205 0.530827 0.564321
-0.797877 0.041815 0.134205 0.513477 0.562492
-0.797877 0.041815 0.134205 0.513477 0.562492
-0.794595 0.083515 0.134205 0.530827 0.564321
-0.839211 0.043981 0.171363 0.514604 0.527101
-0.794595 0.083515 0.134205 0.530827 0.564321
-0.835759 0.087842 0.171363 0.532514 0.528960
-0.839211 0.043981 0.171363 0.514604 0.527101
-0.839211 0.043981 0.171363 0.514604 0.527101
-0.835759 0.087842 0.171363 0.532514 0.528960
-0.882982 0.046275 0.212759 0.515718 0.489928
-0.835759 0.087842 0.171363 0.532514 0.528960
-0.879350 0.092423 0.212759 0.534166 0.491811
-0.882982 0.046275 0.212759 0.515718 0.489928
-0.882982 0.046275 0.212759 0.515718 0.489928
-0.879350 0.092423 0.212759 0.534166 0.491811
-0.929002 0.048687 0.258551 0.516797 0.451392
-0.879350 0.092423 0.212759 0.534166 0.491811
-0.925181 0.097240 0.258551 0.535745 0.453291
-0.929002 0.048687 0.258551 0.516797 0.451392
-0.929002 0.048687 0.258551 0.516797 0.451392
-0.925181 0.097240 0.258551 0.535745 0.453291
-0.977117 0.051209 0.308915 0.517821 0.411929
-0.925181 0.097240 0.258551 0.535745 0.453291
-0.973098 0.102277 0.308915 0.537221 0.413837
-0.977117 0.051209 0.308915 0.517821 0.411929
-0.977117 0.051209 0.308915 0.517821 0.411929
-0.973098 0.102277 0.308915 0.537221 0.413837
-1.027199 0.053833 0.364038 0.518771 0.371990
-0.973098 0.102277 0.308915 0.537221 0.413837
-1.022974 0.107519 0.364038 0.538567 0.373898
-1.027199 0.053833 0.364038 0.518771 0.371990
-1.027199 0.053833 0.364038 0.518771 0.371990
-1.022974 0.107519 0.364038 0.538567 0.373898
-1.079137 0.056555 0.424114 0.519634 0.332021
-1.022974 0.107519 0.364038 0.538567 0.373898
-1.074698 0.112955 0.424114 0.539761 0.333920
-1.079137 0.056555 0.424114 0.519634 0.332021
-1.079137 0.056555 0.424114 0.519634 0.332021
-1.074698 0.112955 0.424114 0.539761 0.333920
-1.132837 0.059369 0.489343 0.520400 0.292450
-1.074698 0.112955 0.424114 0.539761 0.333920
-1.128178 0.118576 0.489343 0.540788 0.294331
-1.132837 0.059369 0.489343 0.520400 0.292450
-1.132837 0.059369 0.489343 0.520400 0.292450
-1.128178 0.118576 0.489343 0.540788 0.294331
-1.188217 0.062272 0.559930 0.521060 0.253671
-1.128178 0.118576 0.489343 0.540788 0.294331
-1.183330 0.124373 0.559930 0.541639 0.255524
-1.188217 0.062272 0.559930 0.521060 0.253671
-0.495106 0.000000 -0.000000 0.492236 0.785792
-0.494427 0.025912 -0.000000 0.505229 0.786649
-0.528113 0.000000 -0.000000 0.492601 0.764835
-0.494427 0.025912 -0.000000 0.505229 0.786649
-0.527389 0.027639 -0.000000 0.506042 0.765718
-0.528113 0.000000 -0.000000 0.492601 0.764835
-0.528113 0.000000 -0.000000 0.492601 0.764835
-0.527389 0.027639 -0.000000 0.506042 0.765718
-0.561120 0.000000 -0.000000 0.492942 0.744869
-0.527389 0.027639 -0.000000 0.506042 0.765718
-0.560351 0.029367 -0.000000 0.506791 0.745776
-0.561120 0.000000 -0.000000 0.492942 0.744869
-0.561120 0.000000 -0.000000 0.492942 0.744869
-0.560351 0.029367 -0.000000 0.506791 0.745776
-0.594127 0.000000 -0.000000 0.493261 0.725881
-0.560351 0.029367 -0.000000 0.506791 0.745776
-0.593312 0.031094 -0.000000 0.507480 0.726810
-0.594127 0.000000 -0.000000 0.493261 0.725881
-0.594127 0.000000 -0.000000 0.493261 0.725881
-0.593312 0.031094 -0.000000 0.507480 0.726810
-0.627134 0.000000 -0.000000 0.493558 0.707849
-0.593312 0.031094 -0.000000 0.507480 0.726810
-0.626274 0.032822 -0.000000 0.508114 0.708797
-0.627134 0.000000 -0.000000 0.493558 0.707849
-0.627134 0.000000 -0.000000 0.493558 0.707849
-0.626274 0.032822 -0.000000 0.508114 0.708797
-0.641120 0.000000 0.009714 0.493771 0.696123
-0.626274 0.032822 -0.000000 0.508114 0.708797
-0.640242 0.033554 0.009714 0.508586 0.697086
-0.641120 0.000000 0.009714 0.493771 0.696123
-0.641120 0.000000 0.009714 0.493771 0.696123
-0.640242 0.033554 0.009714 0.508586 0.697086
-0.664044 0.000000 0.026099 0.494119 0.676792
-0.640242 0.033554 0.009714 0.508586 0.697086
-0.663134 0.034753 0.026099 0.509347 0.677777
-0.664044 0.000000 0.026099 0.494119 0.676792
-0.664044 0.000000 0.026099 0.494119 0.676792
-0.663134 0.034753 0.026099 0.509347 0.677777
-0.692248 0.000000 0.047048 0.494542 0.652847
-0.663134 0.034753 0.026099 0.509347 0.677777
-0.691300 0.036229 0.047048 0.510263 0.653857
-0.692248 0.000000 0.047048 0.494542 0.652847
-0.692248 0.000000 0.047048 0.494542 0.652847
-0.691300 0.036229 0.047048 0.510263 0.653857
-0.724541 0.000000 0.072104 0.495019 0.625265
-0.691300 0.036229 0.047048 0.510263 0.653857
-0.723548 0.037920 0.072104 0.511279 0.626301
-0.724541 0.000000 0.072104 0.495019 0.625265
-0.724541 0.000000 0.072104 0.495019 0.625265
-0.723548 0.037920 0.072104 0.511279 0.626301
-0.760261 0.000000 0.101149 0.495537 0.594632
-0.723548 0.037920 0.072104 0.511279 0.626301
-0.759219 0.039789 0.101149 0.512360 0.595696
-0.760261 0.000000 0.101149 0.495537 0.594632
-0.760261 0.000000 0.101149 0.495537 0.594632
-0.759219 0.039789 0.101149 0.512360 0.595696
-0.798972 0.000000 0.134205 0.496085 0.561403
-0.759219 0.039789 0.101149 0.512360 0.595696
-0.797877 0.041815 0.134205 0.513477 0.562492
-0.798972 0.000000 0.134205 0.496085 0.561403
-0.798972 0.000000 0.134205 0.496085 0.561403
-0.797877 0.041815 0.134205 0.513477 0.562492
-0.840362 0.000000 0.171363 0.496652 0.525989
-0.797877 0.041815 0.134205 0.513477 0.562492
-0.839211 0.043981 0.171363 0.514604 0.527101
-0.840362 0.000000 0.171363 0.496652 0.525989
-0.840362 0.000000 0.171363 0.496652 0.525989
-0.839211 0.043981 0.171363 0.514604 0.527101
-0.884194 0.000000 0.212759 0.497229 0.488797
-0.839211 0.043981 0.171363 0.514604 0.527101
-0.882982 0.046275 0.212759 0.515718 0.489928
-0.884194 0.000000 0.212759 0.497229 0.488797
-0.884194 0.000000 0.212759 0.497229 0.488797
-0.882982 0.046275 0.212759 0.515718 0.489928
-0.930277 0.000000 0.258551 0.497808 0.450244
-0.882982 0.046275 0.212759 0.515718 0.489928
-0.929002 0.048687 0.258551 0.516797 0.451392
-0.930277 0.000000 0.258551 0.497808 0.450244
-0.930277 0.000000 0.258551 0.497808 0.450244
-0.929002 0.048687 0.258551 0.516797 0.451392
-0.978458 0.000000 0.308915 0.498380 0.410770
-0.929002 0.048687 0.258551 0.516797 0.451392
-0.977117 0.051209 0.308915 0.517821 0.411929
-0.978458 0.000000 0.308915 0.498380 0.410770
-0.978458 0.000000 0.308915 0.498380 0.410770
-0.977117 0.051209 0.308915 0.517821 0.411929
-1.028608 0.000000 0.364038 0.498936 0.370824
-0.977117 0.051209 0.308915 0.517821 0.411929
-1.027199 0.053833 0.364038 0.518771 0.371990
-1.028608 0.000000 0.364038 0.498936 0.370824
-1.028608 0.000000 0.364038 0.498936 0.370824
-1.027199 0.053833 0.364038 0.518771 0.371990
-1.080618 0.000000 0.424114 0.499469 0.330854
-1.027199 0.053833 0.364038 0.518771 0.371990
-1.079137 0.056555 0.424114 0.519634 0.332021
-1.080618 0.000000 0.424114 0.499469 0.330854
-1.080618 0.000000 0.424114 0.499469 0.330854
-1.079137 0.056555 0.424114 0.519634 0.332021
-1.134392 0.000000 0.489343 0.499974 0.291288
-1.079137 0.056555 0.424114 0.519634 0.332021
-1.132837 0.059369 0.489343 0.520400 0.292450
-1.134392 0.000000 0.489343 0.499974 0.291288
-1.134392 0.000000 0.489343 0.499974 0.291288
-1.132837 0.059369 0.489343 0.520400 0.292450
-1.189848 0.000000 0.559930 0.500445 0.252517
-1.132837 0.059369 0.489343 0.520400 0.292450
-1.188217 0.062272 0.559930 0.521060 0.253671
-1.189848 0.000000 0.559930 0.500445 0.252517
-1.189848 0.000000 0.559930 0.500445 0.252517
-1.188217 0.062272 0.559930 0.521060 0.253671
-1.246912 0.000000 0.636080 0.500880 0.214881
-0.461465 -0.024184 -0.000000 0.479329 0.807509
-0.462099 0.000000 -0.000000 0.491845 0.807741
-0.494427 -0.025912 -0.000000 0.479227 0.785549
-0.462099 0.000000 -0.000000 0.491845 0.807741
-0.495106 0.000000 -0.000000 0.492236 0.785792
-0.494427 -0.025912 -0.000000 0.479227 0.785549
-0.494427 -0.025912 -0.000000 0.479227 0.785549
-0.495106 0.000000 -0.000000 0.492236 0.785792
-0.527389 -0.027639 -0.000000 0.479144 0.764582
-0.495106 0.000000 -0.000000 0.492236 0.785792
-0.528113 0.000000 -0.000000 0.492601 0.764835
-0.527389 -0.027639 -0.000000 0.479144 0.764582
-0.527389 -0.027639 -0.000000 0.479144 0.764582
-0.528113 0.000000 -0.000000 0.492601 0.764835
-0.560351 -0.029367 -0.000000 0.479078 0.744606
-0.528113 0.000000 -0.000000 0.492601 0.764835
-0.561120 0.000000 -0.000000 0.492942 0.744869
-0.560351 -0.029367 -0.000000 0.479078 0.744606
-0.560351 -0.029367 -0.000000 0.479078 0.744606
-0.561120 0.000000 -0.000000 0.492942 0.744869
-0.593312 -0.031094 -0.000000 0.479025 0.725610
-0.561120 0.000000 -0.000000 0.492942 0.744869
-0.594127 0.000000 -0.000000 0.493261 0.725881
-0.593312 -0.031094 -0.000000 0.479025 0.725610
-0.593312 -0.031094 -0.000000 0.479025 0.725610
-0.594127 0.000000 -0.000000 0.493261 0.725881
-0.626274 -0.032822 -0.000000 0.478985 0.707570
-0.594127 0.000000 -0.000000 0.493261 0.725881
-0.627134 0.000000 -0.000000 0.493558 0.707849
-0.626274 -0.032822 -0.000000 0.478985 0.707570
-0.626274 -0.032822 -0.000000 0.478985 0.707570
-0.627134 0.000000 -0.000000 0.493558 0.707849
-0.640242 -0.033554 0.009714 0.478939 0.695838
-0.627134 0.000000 -0.000000 0.493558 0.707849
-0.641120 0.000000 0.009714 0.493771 0.696123
-0.640242 -0.033554 0.009714 0.478939 0.695838
-0.640242 -0.033554 0.009714 0.478939 0.695838
-0.641120 0.000000 0.009714 0.493771 0.696123
-0.663134 -0.034753 0.026099 0.478873 0.676498
-0.641120 0.000000 0.009714 0.493771 0.696123
-0.664044 0.000000 0.026099 0.494119 0.676792
-0.663134 -0.034753 0.026099 0.478873 0.676498
-0.663134 -0.034753 0.026099 0.478873 0.676498
-0.664044 0.000000 0.026099 0.494119 0.676792
-0.691300 -0.036229 0.047048 0.478804 0.652540
-0.664044 0.000000 0.026099 0.494119 0.676792
-0.692248 0.000000 0.047048 0.494542 0.652847
-0.691300 -0.036229 0.047048 0.478804 0.652540
-0.691300 -0.036229 0.047048 0.478804 0.652540
-0.692248 0.000000 0.047048 0.494542 0.652847
-0.723548 -0.037920 0.072104 0.478743 0.624945
-0.692248 0.000000 0.047048 0.494542 0.652847
-0.724541 0.000000 0.072104 0.495019 0.625265
-0.723548 -0.037920 0.072104 0.478743 0.624945
-0.723548 -0.037920 0.072104 0.478743 0.624945
-0.724541 0.000000 0.072104 0.495019 0.625265
-0.759219 -0.039789 0.101149 0.478697 0.594298
-0.724541 0.000000 0.072104 0.495019 0.625265
-0.760261 0.000000 0.101149 0.495537 0.594632
-0.759219 -0.039789 0.101149 0.478697 0.594298
-0.759219 -0.039789 0.101149 0.478697 0.594298
-0.760261 0.000000 0.101149 0.495537 0.594632
-0.797877 -0.041815 0.134205 0.478676 0.561053
-0.760261 0.000000 0.101149 0.495537 0.594632
-0.798972 0.000000 0.134205 0.496085 0.561403
-0.797877 -0.041815 0.134205 0.478676 0.561053
-0.797877 -0.041815 0.134205 0.478676 0.561053
-0.798972 0.000000 0.134205 0.496085 0.561403
-0.839211 -0.043981 0.171363 0.478683 0.525624
-0.798972 0.000000 0.134205 0.496085 0.561403
-0.840362 0.000000 0.171363 0.496652 0.525989
-0.839211 -0.043981 0.171363 0.478683 0.525624
-0.839211 -0.043981 0.171363 0.478683 0.525624
-0.840362 0.000000 0.171363 0.496652 0.525989
-0.882982 -0.046275 0.212759 0.478723 0.488417
-0.840362 0.000000 0.171363 0.496652 0.525989
-0.884194 0.000000 0.212759 0.497229 0.488797
-0.882982 -0.046275 0.212759 0.478723 0.488417
-0.882982 -0.046275 0.212759 0.478723 0.488417
-0.884194 0.000000 0.212759 0.497229 0.488797
-0.929002 -0.048687 0.258551 0.478802 0.449849
-0.884194 0.000000 0.212759 0.497229 0.488797
-0.930277 0.000000 0.258551 0.497808 0.450244
-0.929002 -0.048687 0.258551 0.478802 0.449849
-0.929002 -0.048687 0.258551 0.478802 0.449849
-0.930277 0.000000 0.258551 0.497808 0.450244
-0.977117 -0.051209 0.308915 0.478921 0.410361
-0.930277 0.000000 0.258551 0.497808 0.450244
-0.978458 0.000000 0.308915 0.498380 0.410770
-0.977117 -0.051209 0.308915 0.478921 0.410361
-0.977117 -0.051209 0.308915 0.478921 0.410361
-0.978458 0.000000 0.308915 0.498380 0.410770
-1.027199 -0.053833 0.364038 0.479083 0.370402
-0.978458 0.000000 0.308915 0.498380 0.410770
-1.028608 0.000000 0.364038 0.498936 0.370824
-1.027199 -0.053833 0.364038 0.479083 0.370402
-1.027199 -0.053833 0.364038 0.479083 0.370402
-1.028608 0.000000 0.364038 0.498936 0.370824
-1.079137 -0.056555 0.424114 0.479287 0.330419
-1.028608 0.000000 0.364038 0.498936 0.370824
-1.080618 0.000000 0.424114 0.499469 0.330854
-1.079137 -0.056555 0.424114 0.479287 0.330419
-1.079137 -0.056555 0.424114 0.479287 0.330419
-1.080618 0.000000 0.424114 0.499469 0.330854
-1.132837 -0.059369 0.489343 0.479532 0.290842
-1.080618 0.000000 0.424114 0.499469 0.330854
-1.134392 0.000000 0.489343 0.499974 0.291288
-1.132837 -0.059369 0.489343 0.479532 0.290842
-1.132837 -0.059369 0.489343 0.479532 0.290842
-1.134392 0.000000 0.489343 0.499974 0.291288
-1.188217 -0.062272 0.559930 0.479814 0.252062
-1.134392 0.000000 0.489343 0.499974 0.291288
-1.189848 0.000000 0.559930 0.500445 0.252517
-1.188217 -0.062272 0.559930 0.479814 0.252062
-1.188217 -0.062272 0.559930 0.479814 0.252062
-1.189848 0.000000 0.559930 0.500445 0.252517
-1.245203 -0.065258 0.636080 0.480130 0.214419
-1.189848 0.000000 0.559930 0.500445 0.252517
-1.246912 0.000000 0.636080 0.500880 0.214881
-1.245203 -0.065258 0.636080 0.480130 0.214419
-0.461465 -0.024184 -0.000000 0.479329 0.807509
-0.494427 -0.025912 -0.000000 0.479227 0.785549
-0.492393 -0.051753 -0.000000 0.466227 0.785921
-0.492393 -0.051753 -0.000000 0.466227 0.785921
-0.494427 -0.025912 -0.000000 0.479227 0.785549
-0.525220 -0.055203 -0.000000 0.465696 0.764960
-0.494427 -0.025912 -0.000000 0.479227 0.785549
-0.527389 -0.027639 -0.000000 0.479144 0.764582
-0.525220 -0.055203 -0.000000 0.465696 0.764960
-0.525220 -0.055203 -0.000000 0.465696 0.764960
-0.527389 -0.027639 -0.000000 0.479144 0.764582
-0.558046 -0.058653 -0.000000 0.465221 0.744990
-0.527389 -0.027639 -0.000000 0.479144 0.764582
-0.560351 -0.029367 -0.000000 0.479078 0.744606
-0.558046 -0.058653 -0.000000 0.465221 0.744990
-0.558046 -0.058653 -0.000000 0.465221 0.744990
-0.560351 -0.029367 -0.000000 0.479078 0.744606
-0.590872 -0.062103 -0.000000 0.464798 0.725998
-0.560351 -0.029367 -0.000000 0.479078 0.744606
-0.593312 -0.031094 -0.000000 0.479025 0.725610
-0.590872 -0.062103 -0.000000 0.464798 0.725998
-0.590872 -0.062103 -0.000000 0.464798 0.725998
-0.593312 -0.031094 -0.000000 0.479025 0.725610
-0.623698 -0.065553 -0.000000 0.464420 0.707961
-0.593312 -0.031094 -0.000000 0.479025 0.725610
-0.626274 -0.032822 -0.000000 0.478985 0.707570
-0.623698 -0.065553 -0.000000 0.464420 0.707961
-0.623698 -0.065553 -0.000000 0.464420 0.707961
-0.626274 -0.032822 -0.000000 0.478985 0.707570
-0.637608 -0.067015 0.009714 0.464116 0.696231
-0.626274 -0.032822 -0.000000 0.478985 0.707570
-0.640242 -0.033554 0.009714 0.478939 0.695838
-0.637608 -0.067015 0.009714 0.464116 0.696231
-0.637608 -0.067015 0.009714 0.464116 0.696231
-0.640242 -0.033554 0.009714 0.478939 0.695838
-0.660407 -0.069412 0.026099 0.463635 0.676893
-0.640242 -0.033554 0.009714 0.478939 0.695838
-0.663134 -0.034753 0.026099 0.478873 0.676498
-0.660407 -0.069412 0.026099 0.463635 0.676893
-0.660407 -0.069412 0.026099 0.463635 0.676893
-0.663134 -0.034753 0.026099 0.478873 0.676498
-0.688456 -0.072360 0.047048 0.463073 0.652938
-0.663134 -0.034753 0.026099 0.478873 0.676498
-0.691300 -0.036229 0.047048 0.478804 0.652540
-0.688456 -0.072360 0.047048 0.463073 0.652938
-0.688456 -0.072360 0.047048 0.463073 0.652938
-0.691300 -0.036229 0.047048 0.478804 0.652540
-0.720572 -0.075735 0.072104 0.462473 0.625342
-0.691300 -0.036229 0.047048 0.478804 0.652540
-0.723548 -0.037920 0.072104 0.478743 0.624945
-0.720572 -0.075735 0.072104 0.462473 0.625342
-0.720572 -0.075735 0.072104 0.462473 0.625342
-0.723548 -0.037920 0.072104 0.478743 0.624945
-0.756096 -0.079469 0.101149 0.461865 0.594694
-0.723548 -0.037920 0.072104 0.478743 0.624945
-0.759219 -0.039789 0.101149 0.478697 0.594298
-0.756096 -0.079469 0.101149 0.461865 0.594694
-0.756096 -0.079469 0.101149 0.461865 0.594694
-0.759219 -0.039789 0.101149 0.478697 0.594298
-0.794595 -0.083515 0.134205 0.461273 0.561445
-0.759219 -0.039789 0.101149 0.478697 0.594298
-0.797877 -0.041815 0.134205 0.478676 0.561053
-0.794595 -0.083515 0.134205 0.461273 0.561445
-0.794595 -0.083515 0.134205 0.461273 0.561445
-0.797877 -0.041815 0.134205 0.478676 0.561053
-0.835759 -0.087842 0.171363 0.460719 0.526008
-0.797877 -0.041815 0.134205 0.478676 0.561053
-0.839211 -0.043981 0.171363 0.478683 0.525624
-0.835759 -0.087842 0.171363 0.460719 0.526008
-0.835759 -0.087842 0.171363 0.460719 0.526008
-0.839211 -0.043981 0.171363 0.478683 0.525624
-0.879350 -0.092423 0.212759 0.460223 0.488789
-0.839211 -0.043981 0.171363 0.478683 0.525624
-0.882982 -0.046275 0.212759 0.478723 0.488417
-0.879350 -0.092423 0.212759 0.460223 0.488789
-0.879350 -0.092423 0.212759 0.460223 0.488789
-0.882982 -0.046275 0.212759 0.478723 0.488417
-0.925181 -0.097240 0.258551 0.459801 0.450207
-0.882982 -0.046275 0.212759 0.478723 0.488417
-0.929002 -0.048687 0.258551 0.478802 0.449849
-0.925181 -0.097240 0.258551 0.459801 0.450207
-0.925181 -0.097240 0.258551 0.459801 0.450207
-0.929002 -0.048687 0.258551 0.478802 0.449849
-0.973098 -0.102277 0.308915 0.459468 0.410702
-0.929002 -0.048687 0.258551 0.478802 0.449849
-0.977117 -0.051209 0.308915 0.478921 0.410361
-0.973098 -0.102277 0.308915 0.459468 0.410702
-0.973098 -0.102277 0.308915 0.459468 0.410702
-0.977117 -0.051209 0.308915 0.478921 0.410361
-1.022974 -0.107519 0.364038 0.459236 0.370723
-0.977117 -0.051209 0.308915 0.478921 0.410361
-1.027199 -0.053833 0.364038 0.479083 0.370402
-1.022974 -0.107519 0.364038 0.459236 0.370723
-1.022974 -0.107519 0.364038 0.459236 0.370723
-1.027199 -0.053833 0.364038 0.479083 0.370402
-1.074698 -0.112955 0.424114 0.459110 0.330718
-1.027199 -0.053833 0.364038 0.479083 0.370402
-1.079137 -0.056555 0.424114 0.479287 0.330419
-1.074698 -0.112955 0.424114 0.459110 0.330718
-1.074698 -0.112955 0.424114 0.459110 0.330718
-1.079137 -0.056555 0.424114 0.479287 0.330419
-1.128178 -0.118576 0.489343 0.459094 0.291115
-1.079137 -0.056555 0.424114 0.479287 0.330419
-1.132837 -0.059369 0.489343 0.479532 0.290842
-1.128178 -0.118576 0.489343 0.459094 0.291115
-1.128178 -0.118576 0.489343 0.459094 0.291115
-1.132837 -0.059369 0.489343 0.479532 0.290842
-1.183330 -0.124373 0.559930 0.459188 0.252308
-1.132837 -0.059369 0.489343 0.479532 0.290842
-1.188217 -0.062272 0.559930 0.479814 0.252062
-1.183330 -0.124373 0.559930 0.459188 0.252308
-0.489010 -0.077452 -0.000000 0.453261 0.786906
-0.492393 -0.051753 -0.000000 0.466227 0.785921
-0.521611 -0.082615 -0.000000 0.452281 0.765969
-0.492393 -0.051753 -0.000000 0.466227 0.785921
-0.525220 -0.055203 -0.000000 0.465696 0.764960
-0.521611 -0.082615 -0.000000 0.452281 0.765969
-0.521611 -0.082615 -0.000000 0.452281 0.765969
-0.525220 -0.055203 -0.000000 0.465696 0.764960
-0.554211 -0.087778 -0.000000 0.451399 0.746020
-0.525220 -0.055203 -0.000000 0.465696 0.764960
-0.558046 -0.058653 -0.000000 0.465221 0.744990
-0.554211 -0.087778 -0.000000 0.451399 0.746020
-0.554211 -0.087778 -0.000000 0.451399 0.746020
-0.558046 -0.058653 -0.000000 0.465221 0.744990
-0.586812 -0.092942 -0.000000 0.450604 0.727045
-0.558046 -0.058653 -0.000000 0.465221 0.744990
-0.590872 -0.062103 -0.000000 0.464798 0.725998
-0.586812 -0.092942 -0.000000 0.450604 0.727045
-0.586812 -0.092942 -0.000000 0.450604 0.727045
-0.590872 -0.062103 -0.000000 0.464798 0.725998
-0.619413 -0.098105 -0.000000 0.449888 0.709022
-0.590872 -0.062103 -0.000000 0.464798 0.725998
-0.623698 -0.065553 -0.000000 0.464420 0.707961
-0.619413 -0.098105 -0.000000 0.449888 0.709022
-0.619413 -0.098105 -0.000000 0.449888 0.709022
-0.623698 -0.065553 -0.000000 0.464420 0.707961
-0.633227 -0.100293 0.009714 0.449325 0.697302
-0.623698 -0.065553 -0.000000 0.464420 0.707961
-0.637608 -0.067015 0.009714 0.464116 0.696231
-0.633227 -0.100293 0.009714 0.449325 0.697302
-0.633227 -0.100293 0.009714 0.449325 0.697302
-0.637608 -0.067015 0.009714 0.464116 0.696231
-0.655869 -0.103879 0.026099 0.448430 0.677979
-0.637608 -0.067015 0.009714 0.464116 0.696231
-0.660407 -0.069412 0.026099 0.463635 0.676893
-0.655869 -0.103879 0.026099 0.448430 0.677979
-0.655869 -0.103879 0.026099 0.448430 0.677979
-0.660407 -0.069412 0.026099 0.463635 0.676893
-0.683726 -0.108291 0.047048 0.447376 0.654039
-0.660407 -0.069412 0.026099 0.463635 0.676893
-0.688456 -0.072360 0.047048 0.463073 0.652938
-0.683726 -0.108291 0.047048 0.447376 0.654039
-0.683726 -0.108291 0.047048 0.447376 0.654039
-0.688456 -0.072360 0.047048 0.463073 0.652938
-0.715621 -0.113343 0.072104 0.446237 0.626457
-0.688456 -0.072360 0.047048 0.463073 0.652938
-0.720572 -0.075735 0.072104 0.462473 0.625342
-0.715621 -0.113343 0.072104 0.446237 0.626457
-0.715621 -0.113343 0.072104 0.446237 0.626457
-0.720572 -0.075735 0.072104 0.462473 0.625342
-0.750901 -0.118931 0.101149 0.445064 0.595820
-0.720572 -0.075735 0.072104 0.462473 0.625342
-0.756096 -0.079469 0.101149 0.461865 0.594694
-0.750901 -0.118931 0.101149 0.445064 0.595820
-0.750901 -0.118931 0.101149 0.445064 0.595820
-0.756096 -0.079469 0.101149 0.461865 0.594694
-0.789135 -0.124987 0.134205 0.443902 0.562578
-0.756096 -0.079469 0.101149 0.461865 0.594694
-0.794595 -0.083515 0.134205 0.461273 0.561445
-0.789135 -0.124987 0.134205 0.443902 0.562578
-0.789135 -0.124987 0.134205 0.443902 0.562578
-0.794595 -0.083515 0.134205 0.461273 0.561445
-0.830016 -0.131462 0.171363 0.442786 0.527141
-0.794595 -0.083515 0.134205 0.461273 0.561445
-0.835759 -0.087842 0.171363 0.460719 0.526008
-0.830016 -0.131462 0.171363 0.442786 0.527141
-0.830016 -0.131462 0.171363 0.442786 0.527141
-0.835759 -0.087842 0.171363 0.460719 0.526008
-0.873308 -0.138318 0.212759 0.441752 0.489915
-0.835759 -0.087842 0.171363 0.460719 0.526008
-0.879350 -0.092423 0.212759 0.460223 0.488789
-0.873308 -0.138318 0.212759 0.441752 0.489915
-0.873308 -0.138318 0.212759 0.441752 0.489915
-0.879350 -0.092423 0.212759 0.460223 0.488789
-0.918824 -0.145527 0.258551 0.440830 0.451320
-0.879350 -0.092423 0.212759 0.460223 0.488789
-0.925181 -0.097240 0.258551 0.459801 0.450207
-0.918824 -0.145527 0.258551 0.440830 0.451320
-0.918824 -0.145527 0.258551 0.440830 0.451320
-0.925181 -0.097240 0.258551 0.459801 0.450207
-0.966412 -0.153065 0.308915 0.440044 0.411795
-0.925181 -0.097240 0.258551 0.459801 0.450207
-0.973098 -0.102277 0.308915 0.459468 0.410702
-0.966412 -0.153065 0.308915 0.440044 0.411795
-0.966412 -0.153065 0.308915 0.440044 0.411795
-0.973098 -0.102277 0.308915 0.459468 0.410702
-1.015945 -0.160910 0.364038 0.439416 0.371789
-0.973098 -0.102277 0.308915 0.459468 0.410702
-1.022974 -0.107519 0.364038 0.459236 0.370723
-1.015945 -0.160910 0.364038 0.439416 0.371789
-1.015945 -0.160910 0.364038 0.439416 0.371789
-1.022974 -0.107519 0.364038 0.459236 0.370723
-1.067314 -0.169046 0.424114 0.438960 0.331751
-1.022974 -0.107519 0.364038 0.459236 0.370723
-1.074698 -0.112955 0.424114 0.459110 0.330718
-1.067314 -0.169046 0.424114 0.438960 0.331751
-1.067314 -0.169046 0.424114 0.438960 0.331751
-1.074698 -0.112955 0.424114 0.459110 0.330718
-1.120426 -0.177458 0.489343 0.438683 0.292108
-1.074698 -0.112955 0.424114 0.459110 0.330718
-1.128178 -0.118576 0.489343 0.459094 0.291115
-1.120426 -0.177458 0.489343 0.438683 0.292108
-1.120426 -0.177458 0.489343 0.438683 0.292108
-1.128178 -0.118576 0.489343 0.459094 0.291115
-1.175199 -0.186133 0.559930 0.438586 0.253256
-1.128178 -0.118576 0.489343 0.459094 0.291115
-1.183330 -0.124373 0.559930 0.459188 0.252308
-1.175199 -0.186133 0.559930 0.438586 0.253256
-0.484286 -0.102938 -0.000000 0.440352 0.788506
-0.489010 -0.077452 -0.000000 0.453261 0.786906
-0.516572 -0.109801 -0.000000 0.438925 0.767609
-0.489010 -0.077452 -0.000000 0.453261 0.786906
-0.521611 -0.082615 -0.000000 0.452281 0.765969
-0.516572 -0.109801 -0.000000 0.438925 0.767609
-0.516572 -0.109801 -0.000000 0.438925 0.767609
-0.521611 -0.082615 -0.000000 0.452281 0.765969
-0.548858 -0.116663 -0.000000 0.437634 0.747695
-0.521611 -0.082615 -0.000000 0.452281 0.765969
-0.554211 -0.087778 -0.000000 0.451399 0.746020
-0.548858 -0.116663 -0.000000 0.437634 0.747695
-0.548858 -0.116663 -0.000000 0.437634 0.747695
-0.554211 -0.087778 -0.000000 0.451399 0.746020
-0.581144 -0.123526 -0.000000 0.436467 0.728750
-0.554211 -0.087778 -0.000000 0.451399 0.746020
-0.586812 -0.092942 -0.000000 0.450604 0.727045
-0.581144 -0.123526 -0.000000 0.436467 0.728750
-0.581144 -0.123526 -0.000000 0.436467 0.728750
-0.586812 -0.092942 -0.000000 0.450604 0.727045
-0.613429 -0.130388 -0.000000 0.435414 0.710752
-0.586812 -0.092942 -0.000000 0.450604 0.727045
-0.619413 -0.098105 -0.000000 0.449888 0.709022
-0.613429 -0.130388 -0.000000 0.435414 0.710752
-0.613429 -0.130388 -0.000000 0.435414 0.710752
-0.619413 -0.098105 -0.000000 0.449888 0.709022
-0.627110 -0.133296 0.009714 0.434592 0.699051
-0.619413 -0.098105 -0.000000 0.449888 0.709022
-0.633227 -0.100293 0.009714 0.449325 0.697302
-0.627110 -0.133296 0.009714 0.434592 0.699051
-0.627110 -0.133296 0.009714 0.434592 0.699051
-0.633227 -0.100293 0.009714 0.449325 0.697302
-0.649533 -0.138063 0.026099 0.433283 0.679754
-0.633227 -0.100293 0.009714 0.449325 0.697302
-0.655869 -0.103879 0.026099 0.448430 0.677979
-0.649533 -0.138063 0.026099 0.433283 0.679754
-0.649533 -0.138063 0.026099 0.433283 0.679754
-0.655869 -0.103879 0.026099 0.448430 0.677979
-0.677121 -0.143927 0.047048 0.431737 0.655844
-0.655869 -0.103879 0.026099 0.448430 0.677979
-0.683726 -0.108291 0.047048 0.447376 0.654039
-0.677121 -0.143927 0.047048 0.431737 0.655844
-0.677121 -0.143927 0.047048 0.431737 0.655844
-0.683726 -0.108291 0.047048 0.447376 0.654039
-0.708708 -0.150641 0.072104 0.430058 0.628290
-0.683726 -0.108291 0.047048 0.447376 0.654039
-0.715621 -0.113343 0.072104 0.446237 0.626457
-0.708708 -0.150641 0.072104 0.430058 0.628290
-0.708708 -0.150641 0.072104 0.430058 0.628290
-0.715621 -0.113343 0.072104 0.446237 0.626457
-0.743647 -0.158067 0.101149 0.428321 0.597676
-0.715621 -0.113343 0.072104 0.446237 0.626457
-0.750901 -0.118931 0.101149 0.445064 0.595820
-0.743647 -0.158067 0.101149 0.428321 0.597676
-0.743647 -0.158067 0.101149 0.428321 0.597676
-0.750901 -0.118931 0.101149 0.445064 0.595820
-0.781513 -0.166116 0.134205 0.426587 0.564451
-0.750901 -0.118931 0.101149 0.445064 0.595820
-0.789135 -0.124987 0.134205 0.443902 0.562578
-0.781513 -0.166116 0.134205 0.426587 0.564451
-0.781513 -0.166116 0.134205 0.426587 0.564451
-0.789135 -0.124987 0.134205 0.443902 0.562578
-0.821998 -0.174721 0.171363 0.424910 0.529023
-0.789135 -0.124987 0.134205 0.443902 0.562578
-0.830016 -0.131462 0.171363 0.442786 0.527141
-0.821998 -0.174721 0.171363 0.424910 0.529023
-0.821998 -0.174721 0.171363 0.424910 0.529023
-0.830016 -0.131462 0.171363 0.442786 0.527141
-0.864872 -0.183834 0.212759 0.423337 0.491796
-0.830016 -0.131462 0.171363 0.442786 0.527141
-0.873308 -0.138318 0.212759 0.441752 0.489915
-0.864872 -0.183834 0.212759 0.423337 0.491796
-0.864872 -0.183834 0.212759 0.423337 0.491796
-0.873308 -0.138318 0.212759 0.441752 0.489915
-0.909948 -0.193415 0.258551 0.421912 0.453190
-0.873308 -0.138318 0.212759 0.441752 0.489915
-0.918824 -0.145527 0.258551 0.440830 0.451320
-0.909948 -0.193415 0.258551 0.421912 0.453190
-0.909948 -0.193415 0.258551 0.421912 0.453190
-0.918824 -0.145527 0.258551 0.440830 0.451320
-0.957077 -0.203433 0.308915 0.420673 0.413642
-0.918824 -0.145527 0.258551 0.440830 0.451320
-0.966412 -0.153065 0.308915 0.440044 0.411795
-0.957077 -0.203433 0.308915 0.420673 0.413642
-0.957077 -0.203433 0.308915 0.420673 0.413642
-0.966412 -0.153065 0.308915 0.440044 0.411795
-1.006131 -0.213860 0.364038 0.419648 0.373603
-0.966412 -0.153065 0.308915 0.440044 0.411795
-1.015945 -0.160910 0.364038 0.439416 0.371789
-1.006131 -0.213860 0.364038 0.419648 0.373603
-1.006131 -0.213860 0.364038 0.419648 0.373603
-1.015945 -0.160910 0.364038 0.439416 0.371789
-1.057004 -0.224673 0.424114 0.418860 0.333520
-1.015945 -0.160910 0.364038 0.439416 0.371789
-1.067314 -0.169046 0.424114 0.438960 0.331751
-1.057004 -0.224673 0.424114 0.418860 0.333520
-1.057004 -0.224673 0.424114 0.418860 0.333520
-1.067314 -0.169046 0.424114 0.438960 0.331751
-1.109603 -0.235853 0.489343 0.418320 0.293823
-1.067314 -0.169046 0.424114 0.438960 0.331751
-1.120426 -0.177458 0.489343 0.438683 0.292108
-1.109603 -0.235853 0.489343 0.418320 0.293823
-1.109603 -0.235853 0.489343 0.418320 0.293823
-1.120426 -0.177458 0.489343 0.438683 0.292108
-1.163847 -0.247383 0.559930 0.418031 0.254908
-1.120426 -0.177458 0.489343 0.438683 0.292108
-1.175199 -0.186133 0.559930 0.438586 0.253256
-1.163847 -0.247383 0.559930 0.418031 0.254908
-0.484286 -0.102938 -0.000000 0.440352 0.788506
-0.516572 -0.109801 -0.000000 0.438925 0.767609
-0.510118 -0.136686 -0.000000 0.425652 0.769879
-0.510118 -0.136686 -0.000000 0.425652 0.769879
-0.516572 -0.109801 -0.000000 0.438925 0.767609
-0.542000 -0.145228 -0.000000 0.423953 0.750014
-0.516572 -0.109801 -0.000000 0.438925 0.767609
-0.548858 -0.116663 -0.000000 0.437634 0.747695
-0.542000 -0.145228 -0.000000 0.423953 0.750014
-0.542000 -0.145228 -0.000000 0.423953 0.750014
-0.548858 -0.116663 -0.000000 0.437634 0.747695
-0.573882 -0.153771 -0.000000 0.422415 0.731112
-0.548858 -0.116663 -0.000000 0.437634 0.747695
-0.581144 -0.123526 -0.000000 0.436467 0.728750
-0.573882 -0.153771 -0.000000 0.422415 0.731112
-0.573882 -0.153771 -0.000000 0.422415 0.731112
-0.581144 -0.123526 -0.000000 0.436467 0.728750
-0.605765 -0.162314 -0.000000 0.421022 0.713152
-0.581144 -0.123526 -0.000000 0.436467 0.728750
-0.613429 -0.130388 -0.000000 0.435414 0.710752
-0.605765 -0.162314 -0.000000 0.421022 0.713152
-0.605765 -0.162314 -0.000000 0.421022 0.713152
-0.613429 -0.130388 -0.000000 0.435414 0.710752
-0.619275 -0.165934 0.009714 0.419943 0.701476
-0.613429 -0.130388 -0.000000 0.435414 0.710752
-0.627110 -0.133296 0.009714 0.434592 0.699051
-0.619275 -0.165934 0.009714 0.419943 0.701476
-0.619275 -0.165934 0.009714 0.419943 0.701476
-0.627110 -0.133296 0.009714 0.434592 0.699051
-0.641417 -0.171867 0.026099 0.418219 0.682219
-0.627110 -0.133296 0.009714 0.434592 0.699051
-0.649533 -0.138063 0.026099 0.433283 0.679754
-0.641417 -0.171867 0.026099 0.418219 0.682219
-0.641417 -0.171867 0.026099 0.418219 0.682219
-0.649533 -0.138063 0.026099 0.433283 0.679754
-0.668660 -0.179167 0.047048 0.416181 0.658352
-0.649533 -0.138063 0.026099 0.433283 0.679754
-0.677121 -0.143927 0.047048 0.431737 0.655844
-0.668660 -0.179167 0.047048 0.416181 0.658352
-0.668660 -0.179167 0.047048 0.416181 0.658352
-0.677121 -0.143927 0.047048 0.431737 0.655844
-0.699853 -0.187525 0.072104 0.413963 0.630840
-0.677121 -0.143927 0.047048 0.431737 0.655844
-0.708708 -0.150641 0.072104 0.430058 0.628290
-0.699853 -0.187525 0.072104 0.413963 0.630840
-0.699853 -0.187525 0.072104 0.413963 0.630840
-0.708708 -0.150641 0.072104 0.430058 0.628290
-0.734356 -0.196770 0.101149 0.411662 0.600263
-0.708708 -0.150641 0.072104 0.430058 0.628290
-0.743647 -0.158067 0.101149 0.428321 0.597676
-0.734356 -0.196770 0.101149 0.411662 0.600263
-0.734356 -0.196770 0.101149 0.411662 0.600263
-0.743647 -0.158067 0.101149 0.428321 0.597676
-0.771748 -0.206789 0.134205 0.409356 0.567066
-0.743647 -0.158067 0.101149 0.428321 0.597676
-0.781513 -0.166116 0.134205 0.426587 0.564451
-0.771748 -0.206789 0.134205 0.409356 0.567066
-0.771748 -0.206789 0.134205 0.409356 0.567066
-0.781513 -0.166116 0.134205 0.426587 0.564451
-0.811728 -0.217502 0.171363 0.407115 0.531655
-0.781513 -0.166116 0.134205 0.426587 0.564451
-0.821998 -0.174721 0.171363 0.424910 0.529023
-0.811728 -0.217502 0.171363 0.407115 0.531655
-0.811728 -0.217502 0.171363 0.407115 0.531655
-0.821998 -0.174721 0.171363 0.424910 0.529023
-0.854065 -0.228846 0.212759 0.405002 0.494433
-0.821998 -0.174721 0.171363 0.424910 0.529023
-0.864872 -0.183834 0.212759 0.423337 0.491796
-0.854065 -0.228846 0.212759 0.405002 0.494433
-0.854065 -0.228846 0.212759 0.405002 0.494433
-0.864872 -0.183834 0.212759 0.423337 0.491796
-0.898579 -0.240773 0.258551 0.403074 0.455817
-0.864872 -0.183834 0.212759 0.423337 0.491796
-0.909948 -0.193415 0.258551 0.421912 0.453190
-0.898579 -0.240773 0.258551 0.403074 0.455817
-0.898579 -0.240773 0.258551 0.403074 0.455817
-0.909948 -0.193415 0.258551 0.421912 0.453190
-0.945118 -0.253244 0.308915 0.401378 0.416244
-0.909948 -0.193415 0.258551 0.421912 0.453190
-0.957077 -0.203433 0.308915 0.420673 0.413642
-0.945118 -0.253244 0.308915 0.401378 0.416244
-0.945118 -0.253244 0.308915 0.401378 0.416244
-0.957077 -0.203433 0.308915 0.420673 0.413642
-0.993559 -0.266223 0.364038 0.399954 0.376165
-0.957077 -0.203433 0.308915 0.420673 0.413642
-1.006131 -0.213860 0.364038 0.419648 0.373603
-0.993559 -0.266223 0.364038 0.399954 0.376165
-0.993559 -0.266223 0.364038 0.399954 0.376165
-1.006131 -0.213860 0.364038 0.419648 0.373603
-1.043797 -0.279685 0.424114 0.398831 0.336028
-1.006131 -0.213860 0.364038 0.419648 0.373603
-1.057004 -0.224673 0.424114 0.418860 0.333520
-1.043797 -0.279685 0.424114 0.398831 0.336028
-1.043797 -0.279685 0.424114 0.398831 0.336028
-1.057004 -0.224673 0.424114 0.418860 0.333520
-1.095739 -0.293602 0.489343 0.398026 0.296263
-1.057004 -0.224673 0.424114 0.418860 0.333520
-1.109603 -0.235853 0.489343 0.418320 0.293823
-1.095739 -0.293602 0.489343 0.398026 0.296263
-0.542000 -0.145228 -0.000000 0.423953 0.750014
-0.573882 -0.153771 -0.000000 0.422415 0.731112
-0.565048 -0.183595 -0.000000 0.408470 0.734131
-0.565048 -0.183595 -0.000000 0.408470 0.734131
-0.573882 -0.153771 -0.000000 0.422415 0.731112
-0.596440 -0.193795 -0.000000 0.406739 0.716218
-0.573882 -0.153771 -0.000000 0.422415 0.731112
-0.605765 -0.162314 -0.000000 0.421022 0.713152
-0.596440 -0.193795 -0.000000 0.406739 0.716218
-0.596440 -0.193795 -0.000000 0.406739 0.716218
-0.605765 -0.162314 -0.000000 0.421022 0.713152
-0.609742 -0.198117 0.009714 0.405402 0.704577
-0.605765 -0.162314 -0.000000 0.421022 0.713152
-0.619275 -0.165934 0.009714 0.419943 0.701476
-0.609742 -0.198117 0.009714 0.405402 0.704577
-0.609742 -0.198117 0.009714 0.405402 0.704577
-0.619275 -0.165934 0.009714 0.419943 0.701476
-0.631544 -0.205201 0.026099 0.403265 0.685373
-0.619275 -0.165934 0.009714 0.419943 0.701476
-0.641417 -0.171867 0.026099 0.418219 0.682219
-0.631544 -0.205201 0.026099 0.403265 0.685373
-0.631544 -0.205201 0.026099 0.403265 0.685373
-0.641417 -0.171867 0.026099 0.418219 0.682219
-0.658367 -0.213916 0.047048 0.400735 0.661563
-0.641417 -0.171867 0.026099 0.418219 0.682219
-0.668660 -0.179167 0.047048 0.416181 0.658352
-0.658367 -0.213916 0.047048 0.400735 0.661563
-0.658367 -0.213916 0.047048 0.400735 0.661563
-0.668660 -0.179167 0.047048 0.416181 0.658352
-0.689080 -0.223896 0.072104 0.397978 0.634107
-0.668660 -0.179167 0.047048 0.416181 0.658352
-0.699853 -0.187525 0.072104 0.413963 0.630840
-0.689080 -0.223896 0.072104 0.397978 0.634107
-0.689080 -0.223896 0.072104 0.397978 0.634107
-0.699853 -0.187525 0.072104 0.413963 0.630840
-0.723051 -0.234934 0.101149 0.395112 0.603580
-0.699853 -0.187525 0.072104 0.413963 0.630840
-0.734356 -0.196770 0.101149 0.411662 0.600263
-0.723051 -0.234934 0.101149 0.395112 0.603580
-0.723051 -0.234934 0.101149 0.395112 0.603580
-0.734356 -0.196770 0.101149 0.411662 0.600263
-0.759868 -0.246896 0.134205 0.392233 0.570423
-0.734356 -0.196770 0.101149 0.411662 0.600263
-0.771748 -0.206789 0.134205 0.409356 0.567066
-0.759868 -0.246896 0.134205 0.392233 0.570423
-0.759868 -0.246896 0.134205 0.392233 0.570423
-0.771748 -0.206789 0.134205 0.409356 0.567066
-0.799232 -0.259686 0.171363 0.389428 0.535039
-0.771748 -0.206789 0.134205 0.409356 0.567066
-0.811728 -0.217502 0.171363 0.407115 0.531655
-0.799232 -0.259686 0.171363 0.389428 0.535039
-0.799232 -0.259686 0.171363 0.389428 0.535039
-0.811728 -0.217502 0.171363 0.407115 0.531655
-0.840918 -0.273231 0.212759 0.386773 0.497826
-0.811728 -0.217502 0.171363 0.407115 0.531655
-0.854065 -0.228846 0.212759 0.405002 0.494433
-0.840918 -0.273231 0.212759 0.386773 0.497826
-0.840918 -0.273231 0.212759 0.386773 0.497826
-0.854065 -0.228846 0.212759 0.405002 0.494433
-0.884746 -0.287471 0.258551 0.384339 0.459203
-0.854065 -0.228846 0.212759 0.405002 0.494433
-0.898579 -0.240773 0.258551 0.403074 0.455817
-0.884746 -0.287471 0.258551 0.384339 0.459203
-0.884746 -0.287471 0.258551 0.384339 0.459203
-0.898579 -0.240773 0.258551 0.403074 0.455817
-0.930569 -0.302360 0.308915 0.382185 0.419604
-0.898579 -0.240773 0.258551 0.403074 0.455817
-0.945118 -0.253244 0.308915 0.401378 0.416244
-0.930569 -0.302360 0.308915 0.382185 0.419604
-0.930569 -0.302360 0.308915 0.382185 0.419604
-0.945118 -0.253244 0.308915 0.401378 0.416244
-0.978265 -0.317857 0.364038 0.380360 0.379479
-0.945118 -0.253244 0.308915 0.401378 0.416244
-0.993559 -0.266223 0.364038 0.399954 0.376165
-0.978265 -0.317857 0.364038 0.380360 0.379479
-0.978265 -0.317857 0.364038 0.380360 0.379479
-0.993559 -0.266223 0.364038 0.399954 0.376165
-1.027729 -0.333929 0.424114 0.378899 0.339277
-0.993559 -0.266223 0.364038 0.399954 0.376165
-1.043797 -0.279685 0.424114 0.398831 0.336028
-1.027729 -0.333929 0.424114 0.378899 0.339277
-1.027729 -0.333929 0.424114 0.378899 0.339277
-1.043797 -0.279685 0.424114 0.398831 0.336028
-1.078871 -0.350546 0.489343 0.377825 0.299430
-1.043797 -0.279685 0.424114 0.398831 0.336028
-1.095739 -0.293602 0.489343 0.398026 0.296263
-1.078871 -0.350546 0.489343 0.377825 0.299430
-0.631544 -0.205201 0.026099 0.403265 0.685373
-0.658367 -0.213916 0.047048 0.400735 0.661563
-0.646269 -0.248080 0.047048 0.385425 0.665474
-0.646269 -0.248080 0.047048 0.385425 0.665474
-0.658367 -0.213916 0.047048 0.400735 0.661563
-0.676417 -0.259652 0.072104 0.382129 0.638090
-0.658367 -0.213916 0.047048 0.400735 0.661563
-0.689080 -0.223896 0.072104 0.397978 0.634107
-0.676417 -0.259652 0.072104 0.382129 0.638090
-0.676417 -0.259652 0.072104 0.382129 0.638090
-0.689080 -0.223896 0.072104 0.397978 0.634107
-0.709765 -0.272453 0.101149 0.378698 0.607626
-0.689080 -0.223896 0.072104 0.397978 0.634107
-0.723051 -0.234934 0.101149 0.395112 0.603580
-0.709765 -0.272453 0.101149 0.378698 0.607626
-0.709765 -0.272453 0.101149 0.378698 0.607626
-0.723051 -0.234934 0.101149 0.395112 0.603580
-0.745905 -0.286326 0.134205 0.375246 0.574522
-0.723051 -0.234934 0.101149 0.395112 0.603580
-0.759868 -0.246896 0.134205 0.392233 0.570423
-0.745905 -0.286326 0.134205 0.375246 0.574522
-0.745905 -0.286326 0.134205 0.375246 0.574522
-0.759868 -0.246896 0.134205 0.392233 0.570423
-0.784546 -0.301159 0.171363 0.371875 0.539173
-0.759868 -0.246896 0.134205 0.392233 0.570423
-0.799232 -0.259686 0.171363 0.389428 0.535039
-0.784546 -0.301159 0.171363 0.371875 0.539173
-0.784546 -0.301159 0.171363 0.371875 0.539173
-0.799232 -0.259686 0.171363 0.389428 0.535039
-0.825466 -0.316867 0.212759 0.368677 0.501978
-0.799232 -0.259686 0.171363 0.389428 0.535039
-0.840918 -0.273231 0.212759 0.386773 0.497826
-0.825466 -0.316867 0.212759 0.368677 0.501978
-0.825466 -0.316867 0.212759 0.368677 0.501978
-0.840918 -0.273231 0.212759 0.386773 0.497826
-0.868488 -0.333381 0.258551 0.365735 0.463350
-0.840918 -0.273231 0.212759 0.386773 0.497826
-0.884746 -0.287471 0.258551 0.384339 0.459203
-0.868488 -0.333381 0.258551 0.365735 0.463350
-0.868488 -0.333381 0.258551 0.365735 0.463350
-0.884746 -0.287471 0.258551 0.384339 0.459203
-0.913469 -0.350648 0.308915 0.363119 0.423723
-0.884746 -0.287471 0.258551 0.384339 0.459203
-0.930569 -0.302360 0.308915 0.382185 0.419604
-0.913469 -0.350648 0.308915 0.363119 0.423723
-0.913469 -0.350648 0.308915 0.363119 0.423723
-0.930569 -0.302360 0.308915 0.382185 0.419604
-0.960289 -0.368620 0.364038 0.360889 0.383547
-0.930569 -0.302360 0.308915 0.382185 0.419604
-0.978265 -0.317857 0.364038 0.380360 0.379479
-0.960289 -0.368620 0.364038 0.360889 0.383547
-0.960289 -0.368620 0.364038 0.360889 0.383547
-0.978265 -0.317857 0.364038 0.380360 0.379479
-1.008844 -0.387259 0.424114 0.359088 0.343271
-0.978265 -0.317857 0.364038 0.380360 0.379479
-1.027729 -0.333929 0.424114 0.378899 0.339277
-1.008844 -0.387259 0.424114 0.359088 0.343271
-0.745905 -0.286326 0.134205 0.375246 0.574522
-0.784546 -0.301159 0.171363 0.371875 0.539173
-0.767709 -0.341806 0.171363 0.354485 0.544059
-0.767709 -0.341806 0.171363 0.354485 0.544059
-0.784546 -0.301159 0.171363 0.371875 0.539173
-0.807751 -0.359634 0.212759 0.350741 0.506888
-0.784546 -0.301159 0.171363 0.371875 0.539173
-0.825466 -0.316867 0.212759 0.368677 0.501978
-0.807751 -0.359634 0.212759 0.350741 0.506888
-0.807751 -0.359634 0.212759 0.350741 0.506888
-0.825466 -0.316867 0.212759 0.368677 0.501978
-0.849850 -0.378378 0.258551 0.347288 0.468259
-0.825466 -0.316867 0.212759 0.368677 0.501978
-0.868488 -0.333381 0.258551 0.365735 0.463350
-0.849850 -0.378378 0.258551 0.347288 0.468259
-0.849850 -0.378378 0.258551 0.347288 0.468259
-0.868488 -0.333381 0.258551 0.365735 0.463350
-0.893866 -0.397975 0.308915 0.344207 0.428604
-0.868488 -0.333381 0.258551 0.365735 0.463350
-0.913469 -0.350648 0.308915 0.363119 0.423723
-0.893866 -0.397975 0.308915 0.344207 0.428604
-0.893866 -0.397975 0.308915 0.344207 0.428604
-0.913469 -0.350648 0.308915 0.363119 0.423723
-0.939681 -0.418373 0.364038 0.341569 0.388372
-0.913469 -0.350648 0.308915 0.363119 0.423723
-0.960289 -0.368620 0.364038 0.360889 0.383547
-0.939681 -0.418373 0.364038 0.341569 0.388372
