0.234934 0.723051 0.101149 0.610460 0.620699
0.272453 0.709765 0.101149 0.626969 0.625295
0.246896 0.759868 0.134205 0.613951 0.586999
0.272453 0.709765 0.101149 0.626969 0.625295
0.286326 0.745905 0.134205 0.631050 0.591675
0.246896 0.759868 0.134205 0.613951 0.586999
0.246896 0.759868 0.134205 0.613951 0.586999
0.286326 0.745905 0.134205 0.631050 0.591675
0.259686 0.799232 0.171363 0.617368 0.550945
0.286326 0.745905 0.134205 0.631050 0.591675
0.301159 0.784546 0.171363 0.635050 0.555687
0.259686 0.799232 0.171363 0.617368 0.550945
0.259686 0.799232 0.171363 0.617368 0.550945
0.301159 0.784546 0.171363 0.635050 0.555687
0.273231 0.840918 0.212759 0.620614 0.512949
0.301159 0.784546 0.171363 0.635050 0.555687
0.316867 0.825466 0.212759 0.638857 0.517739
0.273231 0.840918 0.212759 0.620614 0.512949
0.273231 0.840918 0.212759 0.620614 0.512949
0.316867 0.825466 0.212759 0.638857 0.517739
0.287471 0.884746 0.258551 0.623603 0.473452
0.316867 0.825466 0.212759 0.638857 0.517739
0.333381 0.868488 0.258551 0.642374 0.478265
0.287471 0.884746 0.258551 0.623603 0.473452
0.287471 0.884746 0.258551 0.623603 0.473452
0.333381 0.868488 0.258551 0.642374 0.478265
0.302360 0.930569 0.308915 0.626265 0.432918
0.333381 0.868488 0.258551 0.642374 0.478265
0.350648 0.913469 0.308915 0.645515 0.437723
0.302360 0.930569 0.308915 0.626265 0.432918
0.302360 0.930569 0.308915 0.626265 0.432918
0.350648 0.913469 0.308915 0.645515 0.437723
0.317857 0.978265 0.364038 0.628541 0.391827
0.350648 0.913469 0.308915 0.645515 0.437723
0.368620 0.960289 0.364038 0.648216 0.396591
0.317857 0.978265 0.364038 0.628541 0.391827
0.317857 0.978265 0.364038 0.628541 0.391827
0.368620 0.960289 0.364038 0.648216 0.396591
0.333929 1.027729 0.424114 0.630395 0.350653
0.368620 0.960289 0.364038 0.648216 0.396591
0.387259 1.008844 0.424114 0.650429 0.355340
0.333929 1.027729 0.424114 0.630395 0.350653
0.165934 0.619275 0.009714 0.583497 0.719168
0.198117 0.609742 0.009714 0.598114 0.722749
0.171867 0.641417 0.026099 0.585618 0.699774
0.198117 0.609742 0.009714 0.598114 0.722749
0.205201 0.631544 0.026099 0.600660 0.703418
0.171867 0.641417 0.026099 0.585618 0.699774
0.171867 0.641417 0.026099 0.585618 0.699774
0.205201 0.631544 0.026099 0.600660 0.703418
0.179167 0.668660 0.047048 0.588139 0.675688
0.205201 0.631544 0.026099 0.600660 0.703418
0.213916 0.658367 0.047048 0.603686 0.679402
0.179167 0.668660 0.047048 0.588139 0.675688
0.179167 0.668660 0.047048 0.588139 0.675688
0.213916 0.658367 0.047048 0.603686 0.679402
0.187525 0.699853 0.072104 0.590897 0.647856
0.213916 0.658367 0.047048 0.603686 0.679402
0.223896 0.689080 0.072104 0.606999 0.651644
0.187525 0.699853 0.072104 0.590897 0.647856
0.187525 0.699853 0.072104 0.590897 0.647856
0.223896 0.689080 0.072104 0.606999 0.651644
0.196770 0.734356 0.101149 0.593775 0.616839
0.223896 0.689080 0.072104 0.606999 0.651644
0.234934 0.723051 0.101149 0.610460 0.620699
0.196770 0.734356 0.101149 0.593775 0.616839
0.196770 0.734356 0.101149 0.593775 0.616839
0.234934 0.723051 0.101149 0.610460 0.620699
0.206789 0.771748 0.134205 0.596675 0.583074
0.234934 0.723051 0.101149 0.610460 0.620699
0.246896 0.759868 0.134205 0.613951 0.586999
0.206789 0.771748 0.134205 0.596675 0.583074
0.206789 0.771748 0.134205 0.596675 0.583074
0.246896 0.759868 0.134205 0.613951 0.586999
0.217502 0.811728 0.171363 0.599508 0.546965
0.246896 0.759868 0.134205 0.613951 0.586999
0.259686 0.799232 0.171363 0.617368 0.550945
0.217502 0.811728 0.171363 0.599508 0.546965
0.217502 0.811728 0.171363 0.599508 0.546965
0.259686 0.799232 0.171363 0.617368 0.550945
0.228846 0.854065 0.212759 0.602194 0.508931
0.259686 0.799232 0.171363 0.617368 0.550945
0.273231 0.840918 0.212759 0.620614 0.512949
0.228846 0.854065 0.212759 0.602194 0.508931
0.228846 0.854065 0.212759 0.602194 0.508931
0.273231 0.840918 0.212759 0.620614 0.512949
0.240773 0.898579 0.258551 0.604659 0.469415
0.273231 0.840918 0.212759 0.620614 0.512949
0.287471 0.884746 0.258551 0.623603 0.473452
0.240773 0.898579 0.258551 0.604659 0.469415
0.240773 0.898579 0.258551 0.604659 0.469415
0.287471 0.884746 0.258551 0.623603 0.473452
0.253244 0.945118 0.308915 0.606844 0.428890
0.287471 0.884746 0.258551 0.623603 0.473452
0.302360 0.930569 0.308915 0.626265 0.432918
0.253244 0.945118 0.308915 0.606844 0.428890
0.253244 0.945118 0.308915 0.606844 0.428890
0.302360 0.930569 0.308915 0.626265 0.432918
0.266223 0.993559 0.364038 0.608703 0.387837
0.302360 0.930569 0.308915 0.626265 0.432918
0.317857 0.978265 0.364038 0.628541 0.391827
0.266223 0.993559 0.364038 0.608703 0.387837
0.266223 0.993559 0.364038 0.608703 0.387837
0.317857 0.978265 0.364038 0.628541 0.391827
0.279685 1.043797 0.424114 0.610206 0.346730
0.317857 0.978265 0.364038 0.628541 0.391827
0.333929 1.027729 0.424114 0.630395 0.350653
0.279685 1.043797 0.424114 0.610206 0.346730
0.279685 1.043797 0.424114 0.610206 0.346730
0.333929 1.027729 0.424114 0.630395 0.350653
0.293602 1.095739 0.489343 0.611336 0.306018
0.116663 0.548858 -0.000000 0.564667 0.765511
0.145228 0.542000 -0.000000 0.578420 0.768293
0.123526 0.581144 -0.000000 0.566245 0.746312
0.145228 0.542000 -0.000000 0.578420 0.768293
0.153771 0.573882 -0.000000 0.580383 0.749143
0.123526 0.581144 -0.000000 0.566245 0.746312
0.123526 0.581144 -0.000000 0.566245 0.746312
0.153771 0.573882 -0.000000 0.580383 0.749143
0.130388 0.613429 -0.000000 0.567684 0.728036
0.153771 0.573882 -0.000000 0.580383 0.749143
0.162314 0.605765 -0.000000 0.582173 0.730910
0.130388 0.613429 -0.000000 0.567684 0.728036
0.130388 0.613429 -0.000000 0.567684 0.728036
0.162314 0.605765 -0.000000 0.582173 0.730910
0.133296 0.627110 0.009714 0.568742 0.716262
0.162314 0.605765 -0.000000 0.582173 0.730910
0.165934 0.619275 0.009714 0.583497 0.719168
0.133296 0.627110 0.009714 0.568742 0.716262
0.133296 0.627110 0.009714 0.568742 0.716262
0.165934 0.619275 0.009714 0.583497 0.719168
0.138063 0.649533 0.026099 0.570436 0.696820
0.165934 0.619275 0.009714 0.583497 0.719168
0.171867 0.641417 0.026099 0.585618 0.699774
0.138063 0.649533 0.026099 0.570436 0.696820
0.138063 0.649533 0.026099 0.570436 0.696820
0.171867 0.641417 0.026099 0.585618 0.699774
0.143927 0.677121 0.047048 0.572449 0.672678
0.171867 0.641417 0.026099 0.585618 0.699774
0.179167 0.668660 0.047048 0.588139 0.675688
0.143927 0.677121 0.047048 0.572449 0.672678
0.143927 0.677121 0.047048 0.572449 0.672678
0.179167 0.668660 0.047048 0.588139 0.675688
0.150641 0.708708 0.072104 0.574648 0.644788
0.179167 0.668660 0.047048 0.588139 0.675688
0.187525 0.699853 0.072104 0.590897 0.647856
0.150641 0.708708 0.072104 0.574648 0.644788
0.150641 0.708708 0.072104 0.574648 0.644788
0.187525 0.699853 0.072104 0.590897 0.647856
0.158067 0.743647 0.101149 0.576941 0.613716
0.187525 0.699853 0.072104 0.590897 0.647856
0.196770 0.734356 0.101149 0.593775 0.616839
0.158067 0.743647 0.101149 0.576941 0.613716
0.158067 0.743647 0.101149 0.576941 0.613716
0.196770 0.734356 0.101149 0.593775 0.616839
0.166116 0.781513 0.134205 0.579249 0.579900
0.196770 0.734356 0.101149 0.593775 0.616839
0.206789 0.771748 0.134205 0.596675 0.583074
0.166116 0.781513 0.134205 0.579249 0.579900
0.166116 0.781513 0.134205 0.579249 0.579900
0.206789 0.771748 0.134205 0.596675 0.583074
0.174721 0.821998 0.171363 0.581498 0.543749
0.206789 0.771748 0.134205 0.596675 0.583074
0.217502 0.811728 0.171363 0.599508 0.546965
0.174721 0.821998 0.171363 0.581498 0.543749
0.174721 0.821998 0.171363 0.581498 0.543749
0.217502 0.811728 0.171363 0.599508 0.546965
0.183834 0.864872 0.212759 0.583623 0.505685
0.217502 0.811728 0.171363 0.599508 0.546965
0.228846 0.854065 0.212759 0.602194 0.508931
0.183834 0.864872 0.212759 0.583623 0.505685
0.183834 0.864872 0.212759 0.583623 0.505685
0.228846 0.854065 0.212759 0.602194 0.508931
0.193415 0.909948 0.258551 0.585566 0.466157
0.228846 0.854065 0.212759 0.602194 0.508931
0.240773 0.898579 0.258551 0.604659 0.469415
0.193415 0.909948 0.258551 0.585566 0.466157
0.193415 0.909948 0.258551 0.585566 0.466157
0.240773 0.898579 0.258551 0.604659 0.469415
0.203433 0.957077 0.308915 0.587279 0.425641
0.240773 0.898579 0.258551 0.604659 0.469415
0.253244 0.945118 0.308915 0.606844 0.428890
0.203433 0.957077 0.308915 0.587279 0.425641
0.203433 0.957077 0.308915 0.587279 0.425641
0.253244 0.945118 0.308915 0.606844 0.428890
0.213860 1.006131 0.364038 0.588726 0.384622
0.253244 0.945118 0.308915 0.606844 0.428890
0.266223 0.993559 0.364038 0.608703 0.387837
0.213860 1.006131 0.364038 0.588726 0.384622
0.213860 1.006131 0.364038 0.588726 0.384622
0.266223 0.993559 0.364038 0.608703 0.387837
0.224673 1.057004 0.424114 0.589885 0.343575
0.266223 0.993559 0.364038 0.608703 0.387837
0.279685 1.043797 0.424114 0.610206 0.346730
0.224673 1.057004 0.424114 0.589885 0.343575
0.224673 1.057004 0.424114 0.589885 0.343575
0.279685 1.043797 0.424114 0.610206 0.346730
0.235853 1.109603 0.489343 0.590742 0.302946
0.279685 1.043797 0.424114 0.610206 0.346730
0.293602 1.095739 0.489343 0.611336 0.306018
0.235853 1.109603 0.489343 0.590742 0.302946
0.235853 1.109603 0.489343 0.590742 0.302946
0.293602 1.095739 0.489343 0.611336 0.306018
0.247383 1.163847 0.559930 0.591299 0.263133
0.082615 0.521611 -0.000000 0.549498 0.783550
0.109801 0.516572 -0.000000 0.562936 0.785650
0.087778 0.554211 -0.000000 0.550807 0.763369
0.109801 0.516572 -0.000000 0.562936 0.785650
0.116663 0.548858 -0.000000 0.564667 0.765511
0.087778 0.554211 -0.000000 0.550807 0.763369
0.087778 0.554211 -0.000000 0.550807 0.763369
0.116663 0.548858 -0.000000 0.564667 0.765511
0.092942 0.586812 -0.000000 0.551999 0.744135
0.116663 0.548858 -0.000000 0.564667 0.765511
0.123526 0.581144 -0.000000 0.566245 0.746312
0.092942 0.586812 -0.000000 0.551999 0.744135
0.092942 0.586812 -0.000000 0.551999 0.744135
0.123526 0.581144 -0.000000 0.566245 0.746312
0.098105 0.619413 -0.000000 0.553086 0.725828
0.123526 0.581144 -0.000000 0.566245 0.746312
0.130388 0.613429 -0.000000 0.567684 0.728036
0.098105 0.619413 -0.000000 0.553086 0.725828
0.098105 0.619413 -0.000000 0.553086 0.725828
0.130388 0.613429 -0.000000 0.567684 0.728036
0.100293 0.633227 0.009714 0.553877 0.714032
0.130388 0.613429 -0.000000 0.567684 0.728036
0.133296 0.627110 0.009714 0.568742 0.716262
0.100293 0.633227 0.009714 0.553877 0.714032
0.100293 0.633227 0.009714 0.553877 0.714032
0.133296 0.627110 0.009714 0.568742 0.716262
0.103879 0.655869 0.026099 0.555142 0.694554
0.133296 0.627110 0.009714 0.568742 0.716262
0.138063 0.649533 0.026099 0.570436 0.696820
0.103879 0.655869 0.026099 0.555142 0.694554
0.103879 0.655869 0.026099 0.555142 0.694554
0.138063 0.649533 0.026099 0.570436 0.696820
0.108291 0.683726 0.047048 0.556643 0.670371
0.138063 0.649533 0.026099 0.570436 0.696820
0.143927 0.677121 0.047048 0.572449 0.672678
0.108291 0.683726 0.047048 0.556643 0.670371
0.108291 0.683726 0.047048 0.556643 0.670371
0.143927 0.677121 0.047048 0.572449 0.672678
0.113343 0.715621 0.072104 0.558282 0.642441
0.143927 0.677121 0.047048 0.572449 0.672678
0.150641 0.708708 0.072104 0.574648 0.644788
0.113343 0.715621 0.072104 0.558282 0.642441
0.113343 0.715621 0.072104 0.558282 0.642441
0.150641 0.708708 0.072104 0.574648 0.644788
0.118931 0.750901 0.101149 0.559988 0.611330
0.150641 0.708708 0.072104 0.574648 0.644788
0.158067 0.743647 0.101149 0.576941 0.613716
0.118931 0.750901 0.101149 0.559988 0.611330
0.118931 0.750901 0.101149 0.559988 0.611330
0.158067 0.743647 0.101149 0.576941 0.613716
0.124987 0.789135 0.134205 0.561700 0.577478
0.158067 0.743647 0.101149 0.576941 0.613716
0.166116 0.781513 0.134205 0.579249 0.579900
0.124987 0.789135 0.134205 0.561700 0.577478
0.124987 0.789135 0.134205 0.561700 0.577478
0.166116 0.781513 0.134205 0.579249 0.579900
0.131462 0.830016 0.171363 0.563364 0.541297
0.166116 0.781513 0.134205 0.579249 0.579900
0.174721 0.821998 0.171363 0.581498 0.543749
0.131462 0.830016 0.171363 0.563364 0.541297
0.131462 0.830016 0.171363 0.563364 0.541297
0.174721 0.821998 0.171363 0.581498 0.543749
0.138318 0.873308 0.212759 0.564929 0.503212
0.174721 0.821998 0.171363 0.581498 0.543749
0.183834 0.864872 0.212759 0.583623 0.505685
0.138318 0.873308 0.212759 0.564929 0.503212
0.138318 0.873308 0.212759 0.564929 0.503212
0.183834 0.864872 0.212759 0.583623 0.505685
0.145527 0.918824 0.258551 0.566352 0.463677
0.183834 0.864872 0.212759 0.583623 0.505685
0.193415 0.909948 0.258551 0.585566 0.466157
0.145527 0.918824 0.258551 0.566352 0.463677
0.145527 0.918824 0.258551 0.566352 0.463677
0.193415 0.909948 0.258551 0.585566 0.466157
0.153065 0.966412 0.308915 0.567596 0.423173
0.193415 0.909948 0.258551 0.585566 0.466157
0.203433 0.957077 0.308915 0.587279 0.425641
0.153065 0.966412 0.308915 0.567596 0.423173
0.153065 0.966412 0.308915 0.567596 0.423173
0.203433 0.957077 0.308915 0.587279 0.425641
0.160910 1.015945 0.364038 0.568637 0.382185
0.203433 0.957077 0.308915 0.587279 0.425641
0.213860 1.006131 0.364038 0.588726 0.384622
0.160910 1.015945 0.364038 0.568637 0.382185
0.160910 1.015945 0.364038 0.568637 0.382185
0.213860 1.006131 0.364038 0.588726 0.384622
0.169046 1.067314 0.424114 0.569457 0.341189
0.213860 1.006131 0.364038 0.588726 0.384622
0.224673 1.057004 0.424114 0.589885 0.343575
0.169046 1.067314 0.424114 0.569457 0.341189
0.169046 1.067314 0.424114 0.569457 0.341189
0.224673 1.057004 0.424114 0.589885 0.343575
0.177458 1.120426 0.489343 0.570049 0.300630
0.224673 1.057004 0.424114 0.589885 0.343575
0.235853 1.109603 0.489343 0.590742 0.302946
0.177458 1.120426 0.489343 0.570049 0.300630
0.177458 1.120426 0.489343 0.570049 0.300630
0.235853 1.109603 0.489343 0.590742 0.302946
0.186133 1.175199 0.559930 0.570412 0.260904
0.235853 1.109603 0.489343 0.590742 0.302946
0.247383 1.163847 0.559930 0.591299 0.263133
0.186133 1.175199 0.559930 0.570412 0.260904
0.055203 0.525220 -0.000000 0.535983 0.782076
0.082615 0.521611 -0.000000 0.549498 0.783550
0.058653 0.558046 -0.000000 0.536867 0.761869
0.082615 0.521611 -0.000000 0.549498 0.783550
0.087778 0.554211 -0.000000 0.550807 0.763369
0.058653 0.558046 -0.000000 0.536867 0.761869
0.058653 0.558046 -0.000000 0.536867 0.761869
0.087778 0.554211 -0.000000 0.550807 0.763369
0.062103 0.590872 -0.000000 0.537673 0.742612
0.087778 0.554211 -0.000000 0.550807 0.763369
0.092942 0.586812 -0.000000 0.551999 0.744135
0.062103 0.590872 -0.000000 0.537673 0.742612
0.062103 0.590872 -0.000000 0.537673 0.742612
0.092942 0.586812 -0.000000 0.551999 0.744135
0.065553 0.623698 -0.000000 0.538407 0.724286
0.092942 0.586812 -0.000000 0.551999 0.744135
0.098105 0.619413 -0.000000 0.553086 0.725828
0.065553 0.623698 -0.000000 0.538407 0.724286
0.065553 0.623698 -0.000000 0.538407 0.724286
0.098105 0.619413 -0.000000 0.553086 0.725828
0.067015 0.637608 0.009714 0.538929 0.712475
0.098105 0.619413 -0.000000 0.553086 0.725828
0.100293 0.633227 0.009714 0.553877 0.714032
0.067015 0.637608 0.009714 0.538929 0.712475
0.067015 0.637608 0.009714 0.538929 0.712475
0.100293 0.633227 0.009714 0.553877 0.714032
0.069412 0.660407 0.026099 0.539763 0.692975
0.100293 0.633227 0.009714 0.553877 0.714032
0.103879 0.655869 0.026099 0.555142 0.694554
0.069412 0.660407 0.026099 0.539763 0.692975
0.069412 0.660407 0.026099 0.539763 0.692975
0.103879 0.655869 0.026099 0.555142 0.694554
0.072360 0.688456 0.047048 0.540751 0.668768
0.103879 0.655869 0.026099 0.555142 0.694554
0.108291 0.683726 0.047048 0.556643 0.670371
0.072360 0.688456 0.047048 0.540751 0.668768
0.072360 0.688456 0.047048 0.540751 0.668768
0.108291 0.683726 0.047048 0.556643 0.670371
0.075735 0.720572 0.072104 0.541827 0.640813
0.108291 0.683726 0.047048 0.556643 0.670371
0.113343 0.715621 0.072104 0.558282 0.642441
0.075735 0.720572 0.072104 0.541827 0.640813
0.075735 0.720572 0.072104 0.541827 0.640813
0.113343 0.715621 0.072104 0.558282 0.642441
0.079469 0.756096 0.101149 0.542943 0.609679
0.113343 0.715621 0.072104 0.558282 0.642441
0.118931 0.750901 0.101149 0.559988 0.611330
0.079469 0.756096 0.101149 0.542943 0.609679
0.079469 0.756096 0.101149 0.542943 0.609679
0.118931 0.750901 0.101149 0.559988 0.611330
0.083515 0.794595 0.134205 0.544059 0.575807
0.118931 0.750901 0.101149 0.559988 0.611330
0.124987 0.789135 0.134205 0.561700 0.577478
0.083515 0.794595 0.134205 0.544059 0.575807
0.083515 0.794595 0.134205 0.544059 0.575807
0.124987 0.789135 0.134205 0.561700 0.577478
0.087842 0.835759 0.171363 0.545137 0.539609
0.124987 0.789135 0.134205 0.561700 0.577478
0.131462 0.830016 0.171363 0.563364 0.541297
0.087842 0.835759 0.171363 0.545137 0.539609
0.087842 0.835759 0.171363 0.545137 0.539609
0.131462 0.830016 0.171363 0.563364 0.541297
0.092423 0.879350 0.212759 0.546142 0.501514
0.131462 0.830016 0.171363 0.563364 0.541297
0.138318 0.873308 0.212759 0.564929 0.503212
0.092423 0.879350 0.212759 0.546142 0.501514
0.092423 0.879350 0.212759 0.546142 0.501514
0.138318 0.873308 0.212759 0.564929 0.503212
0.097240 0.925181 0.258551 0.547046 0.461979
0.138318 0.873308 0.212759 0.564929 0.503212
0.145527 0.918824 0.258551 0.566352 0.463677
0.097240 0.925181 0.258551 0.547046 0.461979
0.097240 0.925181 0.258551 0.547046 0.461979
0.145527 0.918824 0.258551 0.566352 0.463677
0.102277 0.973098 0.308915 0.547825 0.421489
0.145527 0.918824 0.258551 0.566352 0.463677
0.153065 0.966412 0.308915 0.567596 0.423173
0.102277 0.973098 0.308915 0.547825 0.421489
0.102277 0.973098 0.308915 0.547825 0.421489
0.153065 0.966412 0.308915 0.567596 0.423173
0.107519 1.022974 0.364038 0.548464 0.380530
0.153065 0.966412 0.308915 0.567596 0.423173
0.160910 1.015945 0.364038 0.568637 0.382185
0.107519 1.022974 0.364038 0.548464 0.380530
0.107519 1.022974 0.364038 0.548464 0.380530
0.160910 1.015945 0.364038 0.568637 0.382185
0.112955 1.074698 0.424114 0.548950 0.339577
0.160910 1.015945 0.364038 0.568637 0.382185
0.169046 1.067314 0.424114 0.569457 0.341189
0.112955 1.074698 0.424114 0.548950 0.339577
0.112955 1.074698 0.424114 0.548950 0.339577
0.169046 1.067314 0.424114 0.569457 0.341189
0.118576 1.128178 0.489343 0.549281 0.299073
0.169046 1.067314 0.424114 0.569457 0.341189
0.177458 1.120426 0.489343 0.570049 0.300630
0.118576 1.128178 0.489343 0.549281 0.299073
0.118576 1.128178 0.489343 0.549281 0.299073
0.177458 1.120426 0.489343 0.570049 0.300630
0.124373 1.183330 0.559930 0.549457 0.259413
0.177458 1.120426 0.489343 0.570049 0.300630
0.186133 1.175199 0.559930 0.570412 0.260904
0.124373 1.183330 0.559930 0.549457 0.259413
0.025912 0.494427 -0.000000 0.521911 0.802408
0.051753 0.492393 -0.000000 0.535013 0.803243
0.027639 0.527389 -0.000000 0.522416 0.781227
0.051753 0.492393 -0.000000 0.535013 0.803243
0.055203 0.525220 -0.000000 0.535983 0.782076
0.027639 0.527389 -0.000000 0.522416 0.781227
0.027639 0.527389 -0.000000 0.522416 0.781227
0.055203 0.525220 -0.000000 0.535983 0.782076
0.029367 0.560351 -0.000000 0.522876 0.761008
0.055203 0.525220 -0.000000 0.535983 0.782076
0.058653 0.558046 -0.000000 0.536867 0.761869
0.029367 0.560351 -0.000000 0.522876 0.761008
0.029367 0.560351 -0.000000 0.522876 0.761008
0.058653 0.558046 -0.000000 0.536867 0.761869
0.031094 0.593312 -0.000000 0.523295 0.741742
0.058653 0.558046 -0.000000 0.536867 0.761869
0.062103 0.590872 -0.000000 0.537673 0.742612
0.031094 0.593312 -0.000000 0.523295 0.741742
0.031094 0.593312 -0.000000 0.523295 0.741742
0.062103 0.590872 -0.000000 0.537673 0.742612
0.032822 0.626274 -0.000000 0.523675 0.723409
0.062103 0.590872 -0.000000 0.537673 0.742612
0.065553 0.623698 -0.000000 0.538407 0.724286
0.032822 0.626274 -0.000000 0.523675 0.723409
0.032822 0.626274 -0.000000 0.523675 0.723409
0.065553 0.623698 -0.000000 0.538407 0.724286
0.033554 0.640242 0.009714 0.523928 0.711592
0.065553 0.623698 -0.000000 0.538407 0.724286
0.067015 0.637608 0.009714 0.538929 0.712475
0.033554 0.640242 0.009714 0.523928 0.711592
0.033554 0.640242 0.009714 0.523928 0.711592
0.067015 0.637608 0.009714 0.538929 0.712475
0.034753 0.663134 0.026099 0.524330 0.692082
0.067015 0.637608 0.009714 0.538929 0.712475
0.069412 0.660407 0.026099 0.539763 0.692975
0.034753 0.663134 0.026099 0.524330 0.692082
0.034753 0.663134 0.026099 0.524330 0.692082
0.069412 0.660407 0.026099 0.539763 0.692975
0.036229 0.691300 0.047048 0.524804 0.667866
0.069412 0.660407 0.026099 0.539763 0.692975
0.072360 0.688456 0.047048 0.540751 0.668768
0.036229 0.691300 0.047048 0.524804 0.667866
0.036229 0.691300 0.047048 0.524804 0.667866
0.072360 0.688456 0.047048 0.540751 0.668768
0.037920 0.723548 0.072104 0.525315 0.639902
0.072360 0.688456 0.047048 0.540751 0.668768
0.075735 0.720572 0.072104 0.541827 0.640813
0.037920 0.723548 0.072104 0.525315 0.639902
0.037920 0.723548 0.072104 0.525315 0.639902
0.075735 0.720572 0.072104 0.541827 0.640813
0.039789 0.759219 0.101149 0.525839 0.608761
0.075735 0.720572 0.072104 0.541827 0.640813
0.079469 0.756096 0.101149 0.542943 0.609679
0.039789 0.759219 0.101149 0.525839 0.608761
0.039789 0.759219 0.101149 0.525839 0.608761
0.079469 0.756096 0.101149 0.542943 0.609679
0.041815 0.797877 0.134205 0.526356 0.574885
0.079469 0.756096 0.101149 0.542943 0.609679
0.083515 0.794595 0.134205 0.544059 0.575807
0.041815 0.797877 0.134205 0.526356 0.574885
0.041815 0.797877 0.134205 0.526356 0.574885
0.083515 0.794595 0.134205 0.544059 0.575807
0.043981 0.839211 0.171363 0.526847 0.538685
0.083515 0.794595 0.134205 0.544059 0.575807
0.087842 0.835759 0.171363 0.545137 0.539609
0.043981 0.839211 0.171363 0.526847 0.538685
0.043981 0.839211 0.171363 0.526847 0.538685
0.087842 0.835759 0.171363 0.545137 0.539609
0.046275 0.882982 0.212759 0.527293 0.500591
0.087842 0.835759 0.171363 0.545137 0.539609
0.092423 0.879350 0.212759 0.546142 0.501514
0.046275 0.882982 0.212759 0.527293 0.500591
0.046275 0.882982 0.212759 0.527293 0.500591
0.092423 0.879350 0.212759 0.546142 0.501514
0.048687 0.929002 0.258551 0.527680 0.461065
0.092423 0.879350 0.212759 0.546142 0.501514
0.097240 0.925181 0.258551 0.547046 0.461979
0.048687 0.929002 0.258551 0.527680 0.461065
0.048687 0.929002 0.258551 0.527680 0.461065
0.097240 0.925181 0.258551 0.547046 0.461979
0.051209 0.977117 0.308915 0.527996 0.420591
0.097240 0.925181 0.258551 0.547046 0.461979
0.102277 0.973098 0.308915 0.547825 0.421489
0.051209 0.977117 0.308915 0.527996 0.420591
0.051209 0.977117 0.308915 0.527996 0.420591
0.102277 0.973098 0.308915 0.547825 0.421489
0.053833 1.027199 0.364038 0.528235 0.379658
0.102277 0.973098 0.308915 0.547825 0.421489
0.107519 1.022974 0.364038 0.548464 0.380530
0.053833 1.027199 0.364038 0.528235 0.379658
0.053833 1.027199 0.364038 0.528235 0.379658
0.107519 1.022974 0.364038 0.548464 0.380530
0.056555 1.079137 0.424114 0.528393 0.338738
0.107519 1.022974 0.364038 0.548464 0.380530
0.112955 1.074698 0.424114 0.548950 0.339577
0.056555 1.079137 0.424114 0.528393 0.338738
0.056555 1.079137 0.424114 0.528393 0.338738
0.112955 1.074698 0.424114 0.548950 0.339577
0.059369 1.132837 0.489343 0.528467 0.298276
0.112955 1.074698 0.424114 0.548950 0.339577
0.118576 1.128178 0.489343 0.549281 0.299073
0.059369 1.132837 0.489343 0.528467 0.298276
0.059369 1.132837 0.489343 0.528467 0.298276
0.118576 1.128178 0.489343 0.549281 0.299073
0.062272 1.188217 0.559930 0.528459 0.258663
0.118576 1.128178 0.489343 0.549281 0.299073
0.124373 1.183330 0.559930 0.549457 0.259413
0.062272 1.188217 0.559930 0.528459 0.258663
0.062272 1.188217 0.559930 0.528459 0.258663
0.124373 1.183330 0.559930 0.549457 0.259413
0.065258 1.245203 0.636080 0.528374 0.220231
0.000000 0.495106 -0.000000 0.508786 0.802181
0.025912 0.494427 -0.000000 0.521911 0.802408
0.000000 0.528113 -0.000000 0.508826 0.781003
0.025912 0.494427 -0.000000 0.521911 0.802408
0.027639 0.527389 -0.000000 0.522416 0.781227
0.000000 0.528113 -0.000000 0.508826 0.781003
0.000000 0.528113 -0.000000 0.508826 0.781003
0.027639 0.527389 -0.000000 0.522416 0.781227
0.000000 0.561120 -0.000000 0.508861 0.760787
0.027639 0.527389 -0.000000 0.522416 0.781227
0.029367 0.560351 -0.000000 0.522876 0.761008
0.000000 0.561120 -0.000000 0.508861 0.760787
0.000000 0.561120 -0.000000 0.508861 0.760787
0.029367 0.560351 -0.000000 0.522876 0.761008
0.000000 0.594127 -0.000000 0.508892 0.741525
0.029367 0.560351 -0.000000 0.522876 0.761008
0.031094 0.593312 -0.000000 0.523295 0.741742
0.000000 0.594127 -0.000000 0.508892 0.741525
0.000000 0.594127 -0.000000 0.508892 0.741525
0.031094 0.593312 -0.000000 0.523295 0.741742
0.000000 0.627134 -0.000000 0.508919 0.723196
0.031094 0.593312 -0.000000 0.523295 0.741742
0.032822 0.626274 -0.000000 0.523675 0.723409
0.000000 0.627134 -0.000000 0.508919 0.723196
0.000000 0.627134 -0.000000 0.508919 0.723196
0.032822 0.626274 -0.000000 0.523675 0.723409
0.000000 0.641120 0.009714 0.508902 0.711381
0.032822 0.626274 -0.000000 0.523675 0.723409
0.033554 0.640242 0.009714 0.523928 0.711592
0.000000 0.641120 0.009714 0.508902 0.711381
0.000000 0.641120 0.009714 0.508902 0.711381
0.033554 0.640242 0.009714 0.523928 0.711592
0.000000 0.664044 0.026099 0.508872 0.691875
0.033554 0.640242 0.009714 0.523928 0.711592
0.034753 0.663134 0.026099 0.524330 0.692082
0.000000 0.664044 0.026099 0.508872 0.691875
0.000000 0.664044 0.026099 0.508872 0.691875
0.034753 0.663134 0.026099 0.524330 0.692082
0.000000 0.692248 0.047048 0.508830 0.667664
0.034753 0.663134 0.026099 0.524330 0.692082
0.036229 0.691300 0.047048 0.524804 0.667866
0.000000 0.692248 0.047048 0.508830 0.667664
0.000000 0.692248 0.047048 0.508830 0.667664
0.036229 0.691300 0.047048 0.524804 0.667866
0.000000 0.724541 0.072104 0.508776 0.639708
0.036229 0.691300 0.047048 0.524804 0.667866
0.037920 0.723548 0.072104 0.525315 0.639902
0.000000 0.724541 0.072104 0.508776 0.639708
0.000000 0.724541 0.072104 0.508776 0.639708
0.037920 0.723548 0.072104 0.525315 0.639902
0.000000 0.760261 0.101149 0.508708 0.608576
0.037920 0.723548 0.072104 0.525315 0.639902
0.039789 0.759219 0.101149 0.525839 0.608761
0.000000 0.760261 0.101149 0.508708 0.608576
0.000000 0.760261 0.101149 0.508708 0.608576
0.039789 0.759219 0.101149 0.525839 0.608761
0.000000 0.798972 0.134205 0.508626 0.574711
0.039789 0.759219 0.101149 0.525839 0.608761
0.041815 0.797877 0.134205 0.526356 0.574885
0.000000 0.798972 0.134205 0.508626 0.574711
0.000000 0.798972 0.134205 0.508626 0.574711
0.041815 0.797877 0.134205 0.526356 0.574885
0.000000 0.840362 0.171363 0.508529 0.538523
0.041815 0.797877 0.134205 0.526356 0.574885
0.043981 0.839211 0.171363 0.526847 0.538685
0.000000 0.840362 0.171363 0.508529 0.538523
0.000000 0.840362 0.171363 0.508529 0.538523
0.043981 0.839211 0.171363 0.526847 0.538685
0.000000 0.884194 0.212759 0.508415 0.500445
0.043981 0.839211 0.171363 0.526847 0.538685
0.046275 0.882982 0.212759 0.527293 0.500591
0.000000 0.884194 0.212759 0.508415 0.500445
0.000000 0.884194 0.212759 0.508415 0.500445
0.046275 0.882982 0.212759 0.527293 0.500591
0.000000 0.930277 0.258551 0.508286 0.460935
0.046275 0.882982 0.212759 0.527293 0.500591
0.048687 0.929002 0.258551 0.527680 0.461065
0.000000 0.930277 0.258551 0.508286 0.460935
0.000000 0.930277 0.258551 0.508286 0.460935
0.048687 0.929002 0.258551 0.527680 0.461065
0.000000 0.978458 0.308915 0.508142 0.420481
0.048687 0.929002 0.258551 0.527680 0.461065
0.051209 0.977117 0.308915 0.527996 0.420591
0.000000 0.978458 0.308915 0.508142 0.420481
0.000000 0.978458 0.308915 0.508142 0.420481
0.051209 0.977117 0.308915 0.527996 0.420591
0.000000 1.028608 0.364038 0.507984 0.379571
0.051209 0.977117 0.308915 0.527996 0.420591
0.053833 1.027199 0.364038 0.528235 0.379658
0.000000 1.028608 0.364038 0.507984 0.379571
0.000000 1.028608 0.364038 0.507984 0.379571
0.053833 1.027199 0.364038 0.528235 0.379658
0.000000 1.080618 0.424114 0.507814 0.338676
0.053833 1.027199 0.364038 0.528235 0.379658
0.056555 1.079137 0.424114 0.528393 0.338738
0.000000 1.080618 0.424114 0.507814 0.338676
0.000000 1.080618 0.424114 0.507814 0.338676
0.056555 1.079137 0.424114 0.528393 0.338738
0.000000 1.134392 0.489343 0.507633 0.298240
0.056555 1.079137 0.424114 0.528393 0.338738
0.059369 1.132837 0.489343 0.528467 0.298276
0.000000 1.134392 0.489343 0.507633 0.298240
0.000000 1.134392 0.489343 0.507633 0.298240
0.059369 1.132837 0.489343 0.528467 0.298276
0.000000 1.189848 0.559930 0.507444 0.258654
0.059369 1.132837 0.489343 0.528467 0.298276
0.062272 1.188217 0.559930 0.528459 0.258663
0.000000 1.189848 0.559930 0.507444 0.258654
0.000000 1.189848 0.559930 0.507444 0.258654
0.062272 1.188217 0.559930 0.528459 0.258663
0.000000 1.246912 0.636080 0.507249 0.220249
0.062272 1.188217 0.559930 0.528459 0.258663
0.065258 1.245203 0.636080 0.528374 0.220231
0.000000 1.246912 0.636080 0.507249 0.220249
-0.025912 0.494427 -0.000000 0.495665 0.802562
0.000000 0.495106 -0.000000 0.508786 0.802181
-0.027639 0.527389 -0.000000 0.495240 0.781403
0.000000 0.495106 -0.000000 0.508786 0.802181
0.000000 0.528113 -0.000000 0.508826 0.781003
-0.027639 0.527389 -0.000000 0.495240 0.781403
-0.027639 0.527389 -0.000000 0.495240 0.781403
0.000000 0.528113 -0.000000 0.508826 0.781003
-0.029367 0.560351 -0.000000 0.494851 0.761205
0.000000 0.528113 -0.000000 0.508826 0.781003
0.000000 0.561120 -0.000000 0.508861 0.760787
-0.029367 0.560351 -0.000000 0.494851 0.761205
-0.029367 0.560351 -0.000000 0.494851 0.761205
0.000000 0.561120 -0.000000 0.508861 0.760787
-0.031094 0.593312 -0.000000 0.494494 0.741959
0.000000 0.561120 -0.000000 0.508861 0.760787
0.000000 0.594127 -0.000000 0.508892 0.741525
-0.031094 0.593312 -0.000000 0.494494 0.741959
-0.031094 0.593312 -0.000000 0.494494 0.741959
0.000000 0.594127 -0.000000 0.508892 0.741525
-0.032822 0.626274 -0.000000 0.494168 0.723646
0.000000 0.594127 -0.000000 0.508892 0.741525
0.000000 0.627134 -0.000000 0.508919 0.723196
-0.032822 0.626274 -0.000000 0.494168 0.723646
-0.032822 0.626274 -0.000000 0.494168 0.723646
0.000000 0.627134 -0.000000 0.508919 0.723196
-0.033554 0.640242 0.009714 0.493882 0.711841
0.000000 0.627134 -0.000000 0.508919 0.723196
0.000000 0.641120 0.009714 0.508902 0.711381
-0.033554 0.640242 0.009714 0.493882 0.711841
-0.033554 0.640242 0.009714 0.493882 0.711841
0.000000 0.641120 0.009714 0.508902 0.711381
-0.034753 0.663134 0.026099 0.493419 0.692352
0.000000 0.641120 0.009714 0.508902 0.711381
0.000000 0.664044 0.026099 0.508872 0.691875
-0.034753 0.663134 0.026099 0.493419 0.692352
-0.034753 0.663134 0.026099 0.493419 0.692352
0.000000 0.664044 0.026099 0.508872 0.691875
-0.036229 0.691300 0.047048 0.492863 0.668161
0.000000 0.664044 0.026099 0.508872 0.691875
0.000000 0.692248 0.047048 0.508830 0.667664
-0.036229 0.691300 0.047048 0.492863 0.668161
-0.036229 0.691300 0.047048 0.492863 0.668161
0.000000 0.692248 0.047048 0.508830 0.667664
-0.037920 0.723548 0.072104 0.492244 0.640229
0.000000 0.692248 0.047048 0.508830 0.667664
0.000000 0.724541 0.072104 0.508776 0.639708
-0.037920 0.723548 0.072104 0.492244 0.640229
-0.037920 0.723548 0.072104 0.492244 0.640229
0.000000 0.724541 0.072104 0.508776 0.639708
-0.039789 0.759219 0.101149 0.491584 0.609122
0.000000 0.724541 0.072104 0.508776 0.639708
0.000000 0.760261 0.101149 0.508708 0.608576
-0.039789 0.759219 0.101149 0.491584 0.609122
-0.039789 0.759219 0.101149 0.491584 0.609122
0.000000 0.760261 0.101149 0.508708 0.608576
-0.041815 0.797877 0.134205 0.490903 0.575284
0.000000 0.760261 0.101149 0.508708 0.608576
0.000000 0.798972 0.134205 0.508626 0.574711
-0.041815 0.797877 0.134205 0.490903 0.575284
-0.041815 0.797877 0.134205 0.490903 0.575284
0.000000 0.798972 0.134205 0.508626 0.574711
-0.043981 0.839211 0.171363 0.490218 0.539124
0.000000 0.798972 0.134205 0.508626 0.574711
0.000000 0.840362 0.171363 0.508529 0.538523
-0.043981 0.839211 0.171363 0.490218 0.539124
-0.043981 0.839211 0.171363 0.490218 0.539124
0.000000 0.840362 0.171363 0.508529 0.538523
-0.046275 0.882982 0.212759 0.489546 0.501073
0.000000 0.840362 0.171363 0.508529 0.538523
0.000000 0.884194 0.212759 0.508415 0.500445
-0.046275 0.882982 0.212759 0.489546 0.501073
-0.046275 0.882982 0.212759 0.489546 0.501073
0.000000 0.884194 0.212759 0.508415 0.500445
-0.048687 0.929002 0.258551 0.488901 0.461590
0.000000 0.884194 0.212759 0.508415 0.500445
0.000000 0.930277 0.258551 0.508286 0.460935
-0.048687 0.929002 0.258551 0.488901 0.461590
-0.048687 0.929002 0.258551 0.488901 0.461590
0.000000 0.930277 0.258551 0.508286 0.460935
-0.051209 0.977117 0.308915 0.488297 0.421159
0.000000 0.930277 0.258551 0.508286 0.460935
0.000000 0.978458 0.308915 0.508142 0.420481
-0.051209 0.977117 0.308915 0.488297 0.421159
-0.051209 0.977117 0.308915 0.488297 0.421159
0.000000 0.978458 0.308915 0.508142 0.420481
-0.053833 1.027199 0.364038 0.487742 0.380268
0.000000 0.978458 0.308915 0.508142 0.420481
0.000000 1.028608 0.364038 0.507984 0.379571
-0.053833 1.027199 0.364038 0.487742 0.380268
-0.053833 1.027199 0.364038 0.487742 0.380268
0.000000 1.028608 0.364038 0.507984 0.379571
-0.056555 1.079137 0.424114 0.487244 0.339389
0.000000 1.028608 0.364038 0.507984 0.379571
0.000000 1.080618 0.424114 0.507814 0.338676
-0.056555 1.079137 0.424114 0.487244 0.339389
-0.056555 1.079137 0.424114 0.487244 0.339389
0.000000 1.080618 0.424114 0.507814 0.338676
-0.059369 1.132837 0.489343 0.486809 0.298964
0.000000 1.080618 0.424114 0.507814 0.338676
0.000000 1.134392 0.489343 0.507633 0.298240
-0.059369 1.132837 0.489343 0.486809 0.298964
-0.059369 1.132837 0.489343 0.486809 0.298964
0.000000 1.134392 0.489343 0.507633 0.298240
-0.062272 1.188217 0.559930 0.486438 0.259385
0.000000 1.134392 0.489343 0.507633 0.298240
0.000000 1.189848 0.559930 0.507444 0.258654
-0.062272 1.188217 0.559930 0.486438 0.259385
-0.062272 1.188217 0.559930 0.486438 0.259385
0.000000 1.189848 0.559930 0.507444 0.258654
-0.065258 1.245203 0.636080 0.486132 0.220983
0.000000 1.189848 0.559930 0.507444 0.258654
0.000000 1.246912 0.636080 0.507249 0.220249
-0.065258 1.245203 0.636080 0.486132 0.220983
-0.051753 0.492393 -0.000000 0.482575 0.803551
-0.025912 0.494427 -0.000000 0.495665 0.802562
-0.055203 0.525220 -0.000000 0.481686 0.782426
-0.025912 0.494427 -0.000000 0.495665 0.802562
-0.027639 0.527389 -0.000000 0.495240 0.781403
-0.055203 0.525220 -0.000000 0.481686 0.782426
-0.055203 0.525220 -0.000000 0.481686 0.782426
-0.027639 0.527389 -0.000000 0.495240 0.781403
-0.058653 0.558046 -0.000000 0.480873 0.762261
-0.027639 0.527389 -0.000000 0.495240 0.781403
-0.029367 0.560351 -0.000000 0.494851 0.761205
-0.058653 0.558046 -0.000000 0.480873 0.762261
-0.058653 0.558046 -0.000000 0.480873 0.762261
-0.029367 0.560351 -0.000000 0.494851 0.761205
-0.062103 0.590872 -0.000000 0.480129 0.743045
-0.029367 0.560351 -0.000000 0.494851 0.761205
-0.031094 0.593312 -0.000000 0.494494 0.741959
-0.062103 0.590872 -0.000000 0.480129 0.743045
-0.062103 0.590872 -0.000000 0.480129 0.743045
-0.031094 0.593312 -0.000000 0.494494 0.741959
-0.065553 0.623698 -0.000000 0.479450 0.724758
-0.031094 0.593312 -0.000000 0.494494 0.741959
-0.032822 0.626274 -0.000000 0.494168 0.723646
-0.065553 0.623698 -0.000000 0.479450 0.724758
-0.065553 0.623698 -0.000000 0.479450 0.724758
-0.032822 0.626274 -0.000000 0.494168 0.723646
-0.067015 0.637608 0.009714 0.478895 0.712971
-0.032822 0.626274 -0.000000 0.494168 0.723646
-0.033554 0.640242 0.009714 0.493882 0.711841
-0.067015 0.637608 0.009714 0.478895 0.712971
-0.067015 0.637608 0.009714 0.478895 0.712971
-0.033554 0.640242 0.009714 0.493882 0.711841
-0.069412 0.660407 0.026099 0.478002 0.693511
-0.033554 0.640242 0.009714 0.493882 0.711841
-0.034753 0.663134 0.026099 0.493419 0.692352
-0.069412 0.660407 0.026099 0.478002 0.693511
-0.069412 0.660407 0.026099 0.478002 0.693511
-0.034753 0.663134 0.026099 0.493419 0.692352
-0.072360 0.688456 0.047048 0.476932 0.669357
-0.034753 0.663134 0.026099 0.493419 0.692352
-0.036229 0.691300 0.047048 0.492863 0.668161
-0.072360 0.688456 0.047048 0.476932 0.669357
-0.072360 0.688456 0.047048 0.476932 0.669357
-0.036229 0.691300 0.047048 0.492863 0.668161
-0.075735 0.720572 0.072104 0.475750 0.641463
-0.036229 0.691300 0.047048 0.492863 0.668161
-0.037920 0.723548 0.072104 0.492244 0.640229
-0.075735 0.720572 0.072104 0.475750 0.641463
-0.075735 0.720572 0.072104 0.475750 0.641463
-0.037920 0.723548 0.072104 0.492244 0.640229
-0.079469 0.756096 0.101149 0.474500 0.610398
-0.037920 0.723548 0.072104 0.492244 0.640229
-0.039789 0.759219 0.101149 0.491584 0.609122
-0.079469 0.756096 0.101149 0.474500 0.610398
-0.079469 0.756096 0.101149 0.474500 0.610398
-0.039789 0.759219 0.101149 0.491584 0.609122
-0.083515 0.794595 0.134205 0.473222 0.576602
-0.039789 0.759219 0.101149 0.491584 0.609122
-0.041815 0.797877 0.134205 0.490903 0.575284
-0.083515 0.794595 0.134205 0.473222 0.576602
-0.083515 0.794595 0.134205 0.473222 0.576602
-0.041815 0.797877 0.134205 0.490903 0.575284
-0.087842 0.835759 0.171363 0.471951 0.540485
-0.041815 0.797877 0.134205 0.490903 0.575284
-0.043981 0.839211 0.171363 0.490218 0.539124
-0.087842 0.835759 0.171363 0.471951 0.540485
-0.087842 0.835759 0.171363 0.471951 0.540485
-0.043981 0.839211 0.171363 0.490218 0.539124
-0.092423 0.879350 0.212759 0.470721 0.502474
-0.043981 0.839211 0.171363 0.490218 0.539124
-0.046275 0.882982 0.212759 0.489546 0.501073
-0.092423 0.879350 0.212759 0.470721 0.502474
-0.092423 0.879350 0.212759 0.470721 0.502474
-0.046275 0.882982 0.212759 0.489546 0.501073
-0.097240 0.925181 0.258551 0.469560 0.463026
-0.046275 0.882982 0.212759 0.489546 0.501073
-0.048687 0.929002 0.258551 0.488901 0.461590
-0.097240 0.925181 0.258551 0.469560 0.463026
-0.097240 0.925181 0.258551 0.469560 0.463026
-0.048687 0.929002 0.258551 0.488901 0.461590
-0.102277 0.973098 0.308915 0.468495 0.422623
-0.048687 0.929002 0.258551 0.488901 0.461590
-0.051209 0.977117 0.308915 0.488297 0.421159
-0.102277 0.973098 0.308915 0.468495 0.422623
-0.102277 0.973098 0.308915 0.468495 0.422623
-0.051209 0.977117 0.308915 0.488297 0.421159
-0.107519 1.022974 0.364038 0.467542 0.381748
-0.051209 0.977117 0.308915 0.488297 0.421159
-0.053833 1.027199 0.364038 0.487742 0.380268
-0.107519 1.022974 0.364038 0.467542 0.381748
-0.107519 1.022974 0.364038 0.467542 0.381748
-0.053833 1.027199 0.364038 0.487742 0.380268
-0.112955 1.074698 0.424114 0.466715 0.340876
-0.053833 1.027199 0.364038 0.487742 0.380268
-0.056555 1.079137 0.424114 0.487244 0.339389
-0.112955 1.074698 0.424114 0.466715 0.340876
-0.112955 1.074698 0.424114 0.466715 0.340876
-0.056555 1.079137 0.424114 0.487244 0.339389
-0.118576 1.128178 0.489343 0.466023 0.300447
-0.056555 1.079137 0.424114 0.487244 0.339389
-0.059369 1.132837 0.489343 0.486809 0.298964
-0.118576 1.128178 0.489343 0.466023 0.300447
-0.118576 1.128178 0.489343 0.466023 0.300447
-0.059369 1.132837 0.489343 0.486809 0.298964
-0.124373 1.183330 0.559930 0.465468 0.260855
-0.059369 1.132837 0.489343 0.486809 0.298964
-0.062272 1.188217 0.559930 0.486438 0.259385
-0.124373 1.183330 0.559930 0.465468 0.260855
-0.077452 0.489010 -0.000000 0.469542 0.805145
-0.051753 0.492393 -0.000000 0.482575 0.803551
-0.082615 0.521611 -0.000000 0.468190 0.784072
-0.051753 0.492393 -0.000000 0.482575 0.803551
-0.055203 0.525220 -0.000000 0.481686 0.782426
-0.082615 0.521611 -0.000000 0.468190 0.784072
-0.082615 0.521611 -0.000000 0.468190 0.784072
-0.055203 0.525220 -0.000000 0.481686 0.782426
-0.087778 0.554211 -0.000000 0.466955 0.763954
-0.055203 0.525220 -0.000000 0.481686 0.782426
-0.058653 0.558046 -0.000000 0.480873 0.762261
-0.087778 0.554211 -0.000000 0.466955 0.763954
-0.087778 0.554211 -0.000000 0.466955 0.763954
-0.058653 0.558046 -0.000000 0.480873 0.762261
-0.092942 0.586812 -0.000000 0.465826 0.744780
-0.058653 0.558046 -0.000000 0.480873 0.762261
-0.062103 0.590872 -0.000000 0.480129 0.743045
-0.092942 0.586812 -0.000000 0.465826 0.744780
-0.092942 0.586812 -0.000000 0.465826 0.744780
-0.062103 0.590872 -0.000000 0.480129 0.743045
-0.098105 0.619413 -0.000000 0.464795 0.726531
-0.062103 0.590872 -0.000000 0.480129 0.743045
-0.065553 0.623698 -0.000000 0.479450 0.724758
-0.098105 0.619413 -0.000000 0.464795 0.726531
-0.098105 0.619413 -0.000000 0.464795 0.726531
-0.065553 0.623698 -0.000000 0.479450 0.724758
-0.100293 0.633227 0.009714 0.463973 0.714771
-0.065553 0.623698 -0.000000 0.479450 0.724758
-0.067015 0.637608 0.009714 0.478895 0.712971
-0.100293 0.633227 0.009714 0.463973 0.714771
-0.100293 0.633227 0.009714 0.463973 0.714771
-0.067015 0.637608 0.009714 0.478895 0.712971
-0.103879 0.655869 0.026099 0.462650 0.695354
-0.067015 0.637608 0.009714 0.478895 0.712971
-0.069412 0.660407 0.026099 0.478002 0.693511
-0.103879 0.655869 0.026099 0.462650 0.695354
-0.103879 0.655869 0.026099 0.462650 0.695354
-0.069412 0.660407 0.026099 0.478002 0.693511
-0.108291 0.683726 0.047048 0.461069 0.671249
-0.069412 0.660407 0.026099 0.478002 0.693511
-0.072360 0.688456 0.047048 0.476932 0.669357
-0.108291 0.683726 0.047048 0.461069 0.671249
-0.108291 0.683726 0.047048 0.461069 0.671249
-0.072360 0.688456 0.047048 0.476932 0.669357
-0.113343 0.715621 0.072104 0.459326 0.643410
-0.072360 0.688456 0.047048 0.476932 0.669357
-0.075735 0.720572 0.072104 0.475750 0.641463
-0.113343 0.715621 0.072104 0.459326 0.643410
-0.113343 0.715621 0.072104 0.459326 0.643410
-0.075735 0.720572 0.072104 0.475750 0.641463
-0.118931 0.750901 0.101149 0.457489 0.612402
-0.075735 0.720572 0.072104 0.475750 0.641463
-0.079469 0.756096 0.101149 0.474500 0.610398
-0.118931 0.750901 0.101149 0.457489 0.612402
-0.118931 0.750901 0.101149 0.457489 0.612402
-0.079469 0.756096 0.101149 0.474500 0.610398
-0.124987 0.789135 0.134205 0.455617 0.578664
-0.079469 0.756096 0.101149 0.474500 0.610398
-0.083515 0.794595 0.134205 0.473222 0.576602
-0.124987 0.789135 0.134205 0.455617 0.578664
-0.124987 0.789135 0.134205 0.455617 0.578664
-0.083515 0.794595 0.134205 0.473222 0.576602
-0.131462 0.830016 0.171363 0.453762 0.542605
-0.083515 0.794595 0.134205 0.473222 0.576602
-0.087842 0.835759 0.171363 0.471951 0.540485
-0.131462 0.830016 0.171363 0.453762 0.542605
-0.131462 0.830016 0.171363 0.453762 0.542605
-0.087842 0.835759 0.171363 0.471951 0.540485
-0.138318 0.873308 0.212759 0.451974 0.504646
-0.087842 0.835759 0.171363 0.471951 0.540485
-0.092423 0.879350 0.212759 0.470721 0.502474
-0.138318 0.873308 0.212759 0.451974 0.504646
-0.138318 0.873308 0.212759 0.451974 0.504646
-0.092423 0.879350 0.212759 0.470721 0.502474
-0.145527 0.918824 0.258551 0.450298 0.465241
-0.092423 0.879350 0.212759 0.470721 0.502474
-0.097240 0.925181 0.258551 0.469560 0.463026
-0.145527 0.918824 0.258551 0.450298 0.465241
-0.145527 0.918824 0.258551 0.450298 0.465241
-0.097240 0.925181 0.258551 0.469560 0.463026
-0.153065 0.966412 0.308915 0.448768 0.424867
-0.097240 0.925181 0.258551 0.469560 0.463026
-0.102277 0.973098 0.308915 0.468495 0.422623
-0.153065 0.966412 0.308915 0.448768 0.424867
-0.153065 0.966412 0.308915 0.448768 0.424867
-0.102277 0.973098 0.308915 0.468495 0.422623
-0.160910 1.015945 0.364038 0.447414 0.384006
-0.102277 0.973098 0.308915 0.468495 0.422623
-0.107519 1.022974 0.364038 0.467542 0.381748
-0.160910 1.015945 0.364038 0.447414 0.384006
-0.160910 1.015945 0.364038 0.447414 0.384006
-0.107519 1.022974 0.364038 0.467542 0.381748
-0.169046 1.067314 0.424114 0.446255 0.343132
-0.107519 1.022974 0.364038 0.467542 0.381748
-0.112955 1.074698 0.424114 0.466715 0.340876
-0.169046 1.067314 0.424114 0.446255 0.343132
-0.169046 1.067314 0.424114 0.446255 0.343132
-0.112955 1.074698 0.424114 0.466715 0.340876
-0.177458 1.120426 0.489343 0.445302 0.302685
-0.112955 1.074698 0.424114 0.466715 0.340876
-0.118576 1.128178 0.489343 0.466023 0.300447
-0.177458 1.120426 0.489343 0.445302 0.302685
-0.177458 1.120426 0.489343 0.445302 0.302685
-0.118576 1.128178 0.489343 0.466023 0.300447
-0.186133 1.175199 0.559930 0.444560 0.263060
-0.118576 1.128178 0.489343 0.466023 0.300447
-0.124373 1.183330 0.559930 0.465468 0.260855
-0.186133 1.175199 0.559930 0.444560 0.263060
-0.077452 0.489010 -0.000000 0.469542 0.805145
-0.082615 0.521611 -0.000000 0.468190 0.784072
-0.109801 0.516572 -0.000000 0.454781 0.786340
-0.109801 0.516572 -0.000000 0.454781 0.786340
-0.082615 0.521611 -0.000000 0.468190 0.784072
-0.116663 0.548858 -0.000000 0.453124 0.766283
-0.082615 0.521611 -0.000000 0.468190 0.784072
-0.087778 0.554211 -0.000000 0.466955 0.763954
-0.116663 0.548858 -0.000000 0.453124 0.766283
-0.116663 0.548858 -0.000000 0.453124 0.766283
-0.087778 0.554211 -0.000000 0.466955 0.763954
-0.123526 0.581144 -0.000000 0.451611 0.747164
-0.087778 0.554211 -0.000000 0.466955 0.763954
-0.092942 0.586812 -0.000000 0.465826 0.744780
-0.123526 0.581144 -0.000000 0.451611 0.747164
-0.123526 0.581144 -0.000000 0.451611 0.747164
-0.092942 0.586812 -0.000000 0.465826 0.744780
-0.130388 0.613429 -0.000000 0.450230 0.728965
-0.092942 0.586812 -0.000000 0.465826 0.744780
-0.098105 0.619413 -0.000000 0.464795 0.726531
-0.130388 0.613429 -0.000000 0.450230 0.728965
-0.130388 0.613429 -0.000000 0.450230 0.728965
-0.098105 0.619413 -0.000000 0.464795 0.726531
-0.133296 0.627110 0.009714 0.449142 0.717239
-0.098105 0.619413 -0.000000 0.464795 0.726531
-0.100293 0.633227 0.009714 0.463973 0.714771
-0.133296 0.627110 0.009714 0.449142 0.717239
-0.133296 0.627110 0.009714 0.449142 0.717239
-0.100293 0.633227 0.009714 0.463973 0.714771
-0.138063 0.649533 0.026099 0.447393 0.697878
-0.100293 0.633227 0.009714 0.463973 0.714771
-0.103879 0.655869 0.026099 0.462650 0.695354
-0.138063 0.649533 0.026099 0.447393 0.697878
-0.138063 0.649533 0.026099 0.447393 0.697878
-0.103879 0.655869 0.026099 0.462650 0.695354
-0.143927 0.677121 0.047048 0.445303 0.673838
-0.103879 0.655869 0.026099 0.462650 0.695354
-0.108291 0.683726 0.047048 0.461069 0.671249
-0.143927 0.677121 0.047048 0.445303 0.673838
-0.143927 0.677121 0.047048 0.445303 0.673838
-0.108291 0.683726 0.047048 0.461069 0.671249
-0.150641 0.708708 0.072104 0.443003 0.646070
-0.108291 0.683726 0.047048 0.461069 0.671249
-0.113343 0.715621 0.072104 0.459326 0.643410
-0.150641 0.708708 0.072104 0.443003 0.646070
-0.150641 0.708708 0.072104 0.443003 0.646070
-0.113343 0.715621 0.072104 0.459326 0.643410
-0.158067 0.743647 0.101149 0.440582 0.615135
-0.113343 0.715621 0.072104 0.459326 0.643410
-0.118931 0.750901 0.101149 0.457489 0.612402
-0.158067 0.743647 0.101149 0.440582 0.615135
-0.158067 0.743647 0.101149 0.440582 0.615135
-0.118931 0.750901 0.101149 0.457489 0.612402
-0.166116 0.781513 0.134205 0.438119 0.581470
-0.118931 0.750901 0.101149 0.457489 0.612402
-0.124987 0.789135 0.134205 0.455617 0.578664
-0.166116 0.781513 0.134205 0.438119 0.581470
-0.166116 0.781513 0.134205 0.438119 0.581470
-0.124987 0.789135 0.134205 0.455617 0.578664
-0.174721 0.821998 0.171363 0.435682 0.545481
-0.124987 0.789135 0.134205 0.455617 0.578664
-0.131462 0.830016 0.171363 0.453762 0.542605
-0.174721 0.821998 0.171363 0.435682 0.545481
-0.174721 0.821998 0.171363 0.435682 0.545481
-0.131462 0.830016 0.171363 0.453762 0.542605
-0.183834 0.864872 0.212759 0.433338 0.507585
-0.131462 0.830016 0.171363 0.453762 0.542605
-0.138318 0.873308 0.212759 0.451974 0.504646
-0.183834 0.864872 0.212759 0.433338 0.507585
-0.183834 0.864872 0.212759 0.433338 0.507585
-0.138318 0.873308 0.212759 0.451974 0.504646
-0.193415 0.909948 0.258551 0.431144 0.468230
-0.138318 0.873308 0.212759 0.451974 0.504646
-0.145527 0.918824 0.258551 0.450298 0.465241
-0.193415 0.909948 0.258551 0.431144 0.468230
-0.193415 0.909948 0.258551 0.431144 0.468230
-0.145527 0.918824 0.258551 0.450298 0.465241
-0.203433 0.957077 0.308915 0.429149 0.427887
-0.145527 0.918824 0.258551 0.450298 0.465241
-0.153065 0.966412 0.308915 0.448768 0.424867
-0.203433 0.957077 0.308915 0.429149 0.427887
-0.203433 0.957077 0.308915 0.429149 0.427887
-0.153065 0.966412 0.308915 0.448768 0.424867
-0.213860 1.006131 0.364038 0.427389 0.387038
-0.153065 0.966412 0.308915 0.448768 0.424867
-0.160910 1.015945 0.364038 0.447414 0.384006
-0.213860 1.006131 0.364038 0.427389 0.387038
-0.213860 1.006131 0.364038 0.427389 0.387038
-0.160910 1.015945 0.364038 0.447414 0.384006
-0.224673 1.057004 0.424114 0.425893 0.346153
-0.160910 1.015945 0.364038 0.447414 0.384006
-0.169046 1.067314 0.424114 0.446255 0.343132
-0.224673 1.057004 0.424114 0.425893 0.346153
-0.224673 1.057004 0.424114 0.425893 0.346153
-0.169046 1.067314 0.424114 0.446255 0.343132
-0.235853 1.109603 0.489343 0.424674 0.305674
-0.169046 1.067314 0.424114 0.446255 0.343132
-0.177458 1.120426 0.489343 0.445302 0.302685
-0.235853 1.109603 0.489343 0.424674 0.305674
-0.235853 1.109603 0.489343 0.424674 0.305674
-0.177458 1.120426 0.489343 0.445302 0.302685
-0.247383 1.163847 0.559930 0.423738 0.265997
-0.177458 1.120426 0.489343 0.445302 0.302685
-0.186133 1.175199 0.559930 0.444560 0.263060
-0.247383 1.163847 0.559930 0.423738 0.265997
-0.109801 0.516572 -0.000000 0.454781 0.786340
-0.116663 0.548858 -0.000000 0.453124 0.766283
-0.145228 0.542000 -0.000000 0.439408 0.769246
-0.145228 0.542000 -0.000000 0.439408 0.769246
-0.116663 0.548858 -0.000000 0.453124 0.766283
-0.153771 0.573882 -0.000000 0.437513 0.750195
-0.116663 0.548858 -0.000000 0.453124 0.766283
-0.123526 0.581144 -0.000000 0.451611 0.747164
-0.153771 0.573882 -0.000000 0.437513 0.750195
-0.153771 0.573882 -0.000000 0.437513 0.750195
-0.123526 0.581144 -0.000000 0.451611 0.747164
-0.162314 0.605765 -0.000000 0.435782 0.732058
-0.123526 0.581144 -0.000000 0.451611 0.747164
-0.130388 0.613429 -0.000000 0.450230 0.728965
-0.162314 0.605765 -0.000000 0.435782 0.732058
-0.162314 0.605765 -0.000000 0.435782 0.732058
-0.130388 0.613429 -0.000000 0.450230 0.728965
-0.165934 0.619275 0.009714 0.434430 0.720375
-0.130388 0.613429 -0.000000 0.450230 0.728965
-0.133296 0.627110 0.009714 0.449142 0.717239
-0.165934 0.619275 0.009714 0.434430 0.720375
-0.165934 0.619275 0.009714 0.434430 0.720375
-0.133296 0.627110 0.009714 0.449142 0.717239
-0.171867 0.641417 0.026099 0.432257 0.701082
-0.133296 0.627110 0.009714 0.449142 0.717239
-0.138063 0.649533 0.026099 0.447393 0.697878
-0.171867 0.641417 0.026099 0.432257 0.701082
-0.171867 0.641417 0.026099 0.432257 0.701082
-0.138063 0.649533 0.026099 0.447393 0.697878
-0.179167 0.668660 0.047048 0.429663 0.677123
-0.138063 0.649533 0.026099 0.447393 0.697878
-0.143927 0.677121 0.047048 0.445303 0.673838
-0.179167 0.668660 0.047048 0.429663 0.677123
-0.179167 0.668660 0.047048 0.429663 0.677123
-0.143927 0.677121 0.047048 0.445303 0.673838
-0.187525 0.699853 0.072104 0.426809 0.649442
-0.143927 0.677121 0.047048 0.445303 0.673838
-0.150641 0.708708 0.072104 0.443003 0.646070
-0.187525 0.699853 0.072104 0.426809 0.649442
-0.187525 0.699853 0.072104 0.426809 0.649442
-0.150641 0.708708 0.072104 0.443003 0.646070
-0.196770 0.734356 0.101149 0.423808 0.618595
-0.150641 0.708708 0.072104 0.443003 0.646070
-0.158067 0.743647 0.101149 0.440582 0.615135
-0.196770 0.734356 0.101149 0.423808 0.618595
-0.196770 0.734356 0.101149 0.423808 0.618595
-0.158067 0.743647 0.101149 0.440582 0.615135
-0.206789 0.771748 0.134205 0.420756 0.585018
-0.158067 0.743647 0.101149 0.440582 0.615135
-0.166116 0.781513 0.134205 0.438119 0.581470
-0.206789 0.771748 0.134205 0.420756 0.585018
-0.206789 0.771748 0.134205 0.420756 0.585018
-0.166116 0.781513 0.134205 0.438119 0.581470
-0.217502 0.811728 0.171363 0.417741 0.549110
-0.166116 0.781513 0.134205 0.438119 0.581470
-0.174721 0.821998 0.171363 0.435682 0.545481
-0.217502 0.811728 0.171363 0.417741 0.549110
-0.217502 0.811728 0.171363 0.417741 0.549110
-0.174721 0.821998 0.171363 0.435682 0.545481
-0.228846 0.854065 0.212759 0.414841 0.511287
-0.174721 0.821998 0.171363 0.435682 0.545481
-0.183834 0.864872 0.212759 0.433338 0.507585
-0.228846 0.854065 0.212759 0.414841 0.511287
-0.228846 0.854065 0.212759 0.414841 0.511287
-0.183834 0.864872 0.212759 0.433338 0.507585
-0.240773 0.898579 0.258551 0.412128 0.471988
-0.183834 0.864872 0.212759 0.433338 0.507585
-0.193415 0.909948 0.258551 0.431144 0.468230
-0.240773 0.898579 0.258551 0.412128 0.471988
-0.240773 0.898579 0.258551 0.412128 0.471988
-0.193415 0.909948 0.258551 0.431144 0.468230
-0.253244 0.945118 0.308915 0.409664 0.431679
-0.193415 0.909948 0.258551 0.431144 0.468230
-0.203433 0.957077 0.308915 0.429149 0.427887
-0.253244 0.945118 0.308915 0.409664 0.431679
-0.253244 0.945118 0.308915 0.409664 0.431679
-0.203433 0.957077 0.308915 0.429149 0.427887
-0.266223 0.993559 0.364038 0.407495 0.390838
-0.203433 0.957077 0.308915 0.429149 0.427887
-0.213860 1.006131 0.364038 0.427389 0.387038
-0.266223 0.993559 0.364038 0.407495 0.390838
-0.266223 0.993559 0.364038 0.407495 0.390838
-0.213860 1.006131 0.364038 0.427389 0.387038
-0.279685 1.043797 0.424114 0.405655 0.349934
-0.213860 1.006131 0.364038 0.427389 0.387038
-0.224673 1.057004 0.424114 0.425893 0.346153
-0.279685 1.043797 0.424114 0.405655 0.349934
-0.279685 1.043797 0.424114 0.405655 0.349934
-0.224673 1.057004 0.424114 0.425893 0.346153
-0.293602 1.095739 0.489343 0.404164 0.309409
-0.224673 1.057004 0.424114 0.425893 0.346153
-0.235853 1.109603 0.489343 0.424674 0.305674
-0.293602 1.095739 0.489343 0.404164 0.309409
-0.153771 0.573882 -0.000000 0.437513 0.750195
-0.162314 0.605765 -0.000000 0.435782 0.732058
-0.193795 0.596440 -0.000000 0.421479 0.735809
-0.193795 0.596440 -0.000000 0.421479 0.735809
-0.162314 0.605765 -0.000000 0.435782 0.732058
-0.198117 0.609742 0.009714 0.419865 0.724178
-0.162314 0.605765 -0.000000 0.435782 0.732058
-0.165934 0.619275 0.009714 0.434430 0.720375
-0.198117 0.609742 0.009714 0.419865 0.724178
-0.198117 0.609742 0.009714 0.419865 0.724178
-0.165934 0.619275 0.009714 0.434430 0.720375
-0.205201 0.631544 0.026099 0.417272 0.704966
-0.165934 0.619275 0.009714 0.434430 0.720375
-0.171867 0.641417 0.026099 0.432257 0.701082
-0.205201 0.631544 0.026099 0.417272 0.704966
-0.205201 0.631544 0.026099 0.417272 0.704966
-0.171867 0.641417 0.026099 0.432257 0.701082
-0.213916 0.658367 0.047048 0.414177 0.681103
-0.171867 0.641417 0.026099 0.432257 0.701082
-0.179167 0.668660 0.047048 0.429663 0.677123
-0.213916 0.658367 0.047048 0.414177 0.681103
-0.213916 0.658367 0.047048 0.414177 0.681103
-0.179167 0.668660 0.047048 0.429663 0.677123
-0.223896 0.689080 0.072104 0.410773 0.653523
-0.179167 0.668660 0.047048 0.429663 0.677123
-0.187525 0.699853 0.072104 0.426809 0.649442
-0.223896 0.689080 0.072104 0.410773 0.653523
-0.223896 0.689080 0.072104 0.410773 0.653523
-0.187525 0.699853 0.072104 0.426809 0.649442
-0.234934 0.723051 0.101149 0.407195 0.622781
-0.187525 0.699853 0.072104 0.426809 0.649442
-0.196770 0.734356 0.101149 0.423808 0.618595
-0.234934 0.723051 0.101149 0.407195 0.622781
-0.234934 0.723051 0.101149 0.407195 0.622781
-0.196770 0.734356 0.101149 0.423808 0.618595
-0.246896 0.759868 0.134205 0.403558 0.589305
-0.196770 0.734356 0.101149 0.423808 0.618595
-0.206789 0.771748 0.134205 0.420756 0.585018
-0.246896 0.759868 0.134205 0.403558 0.589305
-0.246896 0.759868 0.134205 0.403558 0.589305
-0.206789 0.771748 0.134205 0.420756 0.585018
-0.259686 0.799232 0.171363 0.399965 0.553491
-0.206789 0.771748 0.134205 0.420756 0.585018
-0.217502 0.811728 0.171363 0.417741 0.549110
-0.259686 0.799232 0.171363 0.399965 0.553491
-0.259686 0.799232 0.171363 0.399965 0.553491
-0.217502 0.811728 0.171363 0.417741 0.549110
-0.273231 0.840918 0.212759 0.396509 0.515748
-0.217502 0.811728 0.171363 0.417741 0.549110
-0.228846 0.854065 0.212759 0.414841 0.511287
-0.273231 0.840918 0.212759 0.396509 0.515748
-0.273231 0.840918 0.212759 0.396509 0.515748
-0.228846 0.854065 0.212759 0.414841 0.511287
-0.287471 0.884746 0.258551 0.393277 0.476510
-0.228846 0.854065 0.212759 0.414841 0.511287
-0.240773 0.898579 0.258551 0.412128 0.471988
-0.287471 0.884746 0.258551 0.393277 0.476510
-0.287471 0.884746 0.258551 0.393277 0.476510
-0.240773 0.898579 0.258551 0.412128 0.471988
-0.302360 0.930569 0.308915 0.390341 0.436236
-0.240773 0.898579 0.258551 0.412128 0.471988
-0.253244 0.945118 0.308915 0.409664 0.431679
-0.302360 0.930569 0.308915 0.390341 0.436236
-0.302360 0.930569 0.308915 0.390341 0.436236
-0.253244 0.945118 0.308915 0.409664 0.431679
-0.317857 0.978265 0.364038 0.387757 0.395400
-0.253244 0.945118 0.308915 0.409664 0.431679
-0.266223 0.993559 0.364038 0.407495 0.390838
-0.317857 0.978265 0.364038 0.387757 0.395400
-0.317857 0.978265 0.364038 0.387757 0.395400
-0.266223 0.993559 0.364038 0.407495 0.390838
-0.333929 1.027729 0.424114 0.385567 0.354469
-0.266223 0.993559 0.364038 0.407495 0.390838
-0.279685 1.043797 0.424114 0.405655 0.349934
-0.333929 1.027729 0.424114 0.385567 0.354469
-0.333929 1.027729 0.424114 0.385567 0.354469
-0.279685 1.043797 0.424114 0.405655 0.349934
-0.350546 1.078871 0.489343 0.383795 0.313886
-0.279685 1.043797 0.424114 0.405655 0.349934
-0.293602 1.095739 0.489343 0.404164 0.309409
-0.350546 1.078871 0.489343 0.383795 0.313886
-0.213916 0.658367 0.047048 0.414177 0.681103
-0.223896 0.689080 0.072104 0.410773 0.653523
-0.259652 0.676417 0.072104 0.394921 0.658313
-0.259652 0.676417 0.072104 0.394921 0.658313
-0.223896 0.689080 0.072104 0.410773 0.653523
-0.272453 0.709765 0.101149 0.390770 0.627690
-0.223896 0.689080 0.072104 0.410773 0.653523
-0.234934 0.723051 0.101149 0.407195 0.622781
-0.272453 0.709765 0.101149 0.390770 0.627690
-0.272453 0.709765 0.101149 0.390770 0.627690
-0.234934 0.723051 0.101149 0.407195 0.622781
-0.286326 0.745905 0.134205 0.386550 0.594329
-0.234934 0.723051 0.101149 0.407195 0.622781
-0.246896 0.759868 0.134205 0.403558 0.589305
-0.286326 0.745905 0.134205 0.386550 0.594329
-0.286326 0.745905 0.134205 0.386550 0.594329
-0.246896 0.759868 0.134205 0.403558 0.589305
-0.301159 0.784546 0.171363 0.382380 0.558621
-0.246896 0.759868 0.134205 0.403558 0.589305
-0.259686 0.799232 0.171363 0.399965 0.553491
-0.301159 0.784546 0.171363 0.382380 0.558621
-0.301159 0.784546 0.171363 0.382380 0.558621
-0.259686 0.799232 0.171363 0.399965 0.553491
-0.316867 0.825466 0.212759 0.378370 0.520966
-0.259686 0.799232 0.171363 0.399965 0.553491
-0.273231 0.840918 0.212759 0.396509 0.515748
-0.316867 0.825466 0.212759 0.378370 0.520966
-0.316867 0.825466 0.212759 0.378370 0.520966
-0.273231 0.840918 0.212759 0.396509 0.515748
-0.333381 0.868488 0.258551 0.374616 0.481793
-0.273231 0.840918 0.212759 0.396509 0.515748
-0.287471 0.884746 0.258551 0.393277 0.476510
-0.333381 0.868488 0.258551 0.374616 0.481793
-0.333381 0.868488 0.258551 0.374616 0.481793
-0.287471 0.884746 0.258551 0.393277 0.476510
-0.350648 0.913469 0.308915 0.371204 0.441555
-0.287471 0.884746 0.258551 0.393277 0.476510
-0.302360 0.930569 0.308915 0.390341 0.436236
-0.350648 0.913469 0.308915 0.371204 0.441555
-0.350648 0.913469 0.308915 0.371204 0.441555
-0.302360 0.930569 0.308915 0.390341 0.436236
-0.368620 0.960289 0.364038 0.368200 0.400720
-0.302360 0.930569 0.308915 0.390341 0.436236
-0.317857 0.978265 0.364038 0.387757 0.395400
-0.368620 0.960289 0.364038 0.368200 0.400720
-0.368620 0.960289 0.364038 0.368200 0.400720
-0.317857 0.978265 0.364038 0.387757 0.395400
-0.387259 1.008844 0.424114 0.365653 0.359754
-0.317857 0.978265 0.364038 0.387757 0.395400
-0.333929 1.027729 0.424114 0.385567 0.354469
-0.387259 1.008844 0.424114 0.365653 0.359754
-0.301159 0.784546 0.171363 0.382380 0.558621
-0.316867 0.825466 0.212759 0.378370 0.520966
-0.359634 0.807751 0.212759 0.360446 0.526937
-0.359634 0.807751 0.212759 0.360446 0.526937
-0.316867 0.825466 0.212759 0.378370 0.520966
-0.378378 0.849850 0.258551 0.356169 0.487834
-0.316867 0.825466 0.212759 0.378370 0.520966
-0.333381 0.868488 0.258551 0.374616 0.481793
-0.378378 0.849850 0.258551 0.356169 0.487834
-0.378378 0.849850 0.258551 0.356169 0.487834
-0.333381 0.868488 0.258551 0.374616 0.481793
-0.397975 0.893866 0.308915 0.352276 0.447631
-0.333381 0.868488 0.258551 0.374616 0.481793
-0.350648 0.913469 0.308915 0.371204 0.441555
-0.397975 0.893866 0.308915 0.352276 0.447631
-0.397975 0.893866 0.308915 0.352276 0.447631
-0.350648 0.913469 0.308915 0.371204 0.441555
-0.418373 0.939681 0.364038 0.348845 0.406794
-0.350648 0.913469 0.308915 0.371204 0.441555
-0.368620 0.960289 0.364038 0.368200 0.400720
-0.418373 0.939681 0.364038 0.348845 0.406794
