-0.259686 -0.799232 0.171363 0.598816 0.530302
-0.301159 -0.784546 0.171363 0.616195 0.535536
-0.273231 -0.840918 0.212759 0.602432 0.493051
-0.301159 -0.784546 0.171363 0.616195 0.535536
-0.316867 -0.825466 0.212759 0.620344 0.498343
-0.273231 -0.840918 0.212759 0.602432 0.493051
-0.273231 -0.840918 0.212759 0.602432 0.493051
-0.316867 -0.825466 0.212759 0.620344 0.498343
-0.287471 -0.884746 0.258551 0.605821 0.454332
-0.316867 -0.825466 0.212759 0.620344 0.498343
-0.333381 -0.868488 0.258551 0.624235 0.459658
-0.287471 -0.884746 0.258551 0.605821 0.454332
-0.287471 -0.884746 0.258551 0.605821 0.454332
-0.333381 -0.868488 0.258551 0.624235 0.459658
-0.302360 -0.930569 0.308915 0.608909 0.414580
-0.333381 -0.868488 0.258551 0.624235 0.459658
-0.350648 -0.913469 0.308915 0.627783 0.419908
-0.302360 -0.930569 0.308915 0.608909 0.414580
-0.302360 -0.930569 0.308915 0.608909 0.414580
-0.350648 -0.913469 0.308915 0.627783 0.419908
-0.317857 -0.978265 0.364038 0.611640 0.374235
-0.350648 -0.913469 0.308915 0.627783 0.419908
-0.368620 -0.960289 0.364038 0.630921 0.379532
-0.317857 -0.978265 0.364038 0.611640 0.374235
-0.317857 -0.978265 0.364038 0.611640 0.374235
-0.368620 -0.960289 0.364038 0.630921 0.379532
-0.333929 -1.027729 0.424114 0.613973 0.333737
-0.368620 -0.960289 0.364038 0.630921 0.379532
-0.387259 -1.008844 0.424114 0.633601 0.338967
-0.333929 -1.027729 0.424114 0.613973 0.333737
-0.333929 -1.027729 0.424114 0.613973 0.333737
-0.387259 -1.008844 0.424114 0.633601 0.338967
-0.350546 -1.078871 0.489343 0.615882 0.293503
-0.179167 -0.668660 0.047048 0.568587 0.652370
-0.213916 -0.658367 0.047048 0.583947 0.656569
-0.187525 -0.699853 0.072104 0.571625 0.624928
-0.213916 -0.658367 0.047048 0.583947 0.656569
-0.223896 -0.689080 0.072104 0.587512 0.629215
-0.187525 -0.699853 0.072104 0.571625 0.624928
-0.187525 -0.699853 0.072104 0.571625 0.624928
-0.223896 -0.689080 0.072104 0.587512 0.629215
-0.196770 -0.734356 0.101149 0.574816 0.594401
-0.223896 -0.689080 0.072104 0.587512 0.629215
-0.234934 -0.723051 0.101149 0.591254 0.598773
-0.196770 -0.734356 0.101149 0.574816 0.594401
-0.196770 -0.734356 0.101149 0.574816 0.594401
-0.234934 -0.723051 0.101149 0.591254 0.598773
-0.206789 -0.771748 0.134205 0.578062 0.561220
-0.234934 -0.723051 0.101149 0.591254 0.598773
-0.246896 -0.759868 0.134205 0.595058 0.565673
-0.206789 -0.771748 0.134205 0.578062 0.561220
-0.206789 -0.771748 0.134205 0.578062 0.561220
-0.246896 -0.759868 0.134205 0.595058 0.565673
-0.217502 -0.811728 0.171363 0.581269 0.525777
-0.246896 -0.759868 0.134205 0.595058 0.565673
-0.259686 -0.799232 0.171363 0.598816 0.530302
-0.217502 -0.811728 0.171363 0.581269 0.525777
-0.217502 -0.811728 0.171363 0.581269 0.525777
-0.259686 -0.799232 0.171363 0.598816 0.530302
-0.228846 -0.854065 0.212759 0.584355 0.488468
-0.259686 -0.799232 0.171363 0.598816 0.530302
-0.273231 -0.840918 0.212759 0.602432 0.493051
-0.228846 -0.854065 0.212759 0.584355 0.488468
-0.228846 -0.854065 0.212759 0.584355 0.488468
-0.273231 -0.840918 0.212759 0.602432 0.493051
-0.240773 -0.898579 0.258551 0.587246 0.449713
-0.273231 -0.840918 0.212759 0.602432 0.493051
-0.287471 -0.884746 0.258551 0.605821 0.454332
-0.240773 -0.898579 0.258551 0.587246 0.449713
-0.240773 -0.898579 0.258551 0.587246 0.449713
-0.287471 -0.884746 0.258551 0.605821 0.454332
-0.253244 -0.945118 0.308915 0.589880 0.409951
-0.287471 -0.884746 0.258551 0.605821 0.454332
-0.302360 -0.930569 0.308915 0.608909 0.414580
-0.253244 -0.945118 0.308915 0.589880 0.409951
-0.253244 -0.945118 0.308915 0.589880 0.409951
-0.302360 -0.930569 0.308915 0.608909 0.414580
-0.266223 -0.993559 0.364038 0.592209 0.369629
-0.302360 -0.930569 0.308915 0.608909 0.414580
-0.317857 -0.978265 0.364038 0.611640 0.374235
-0.266223 -0.993559 0.364038 0.592209 0.369629
-0.266223 -0.993559 0.364038 0.592209 0.369629
-0.317857 -0.978265 0.364038 0.611640 0.374235
-0.279685 -1.043797 0.424114 0.594201 0.329186
-0.317857 -0.978265 0.364038 0.611640 0.374235
-0.333929 -1.027729 0.424114 0.613973 0.333737
-0.279685 -1.043797 0.424114 0.594201 0.329186
-0.279685 -1.043797 0.424114 0.594201 0.329186
-0.333929 -1.027729 0.424114 0.613973 0.333737
-0.293602 -1.095739 0.489343 0.595836 0.289035
-0.333929 -1.027729 0.424114 0.613973 0.333737
-0.350546 -1.078871 0.489343 0.615882 0.293503
-0.293602 -1.095739 0.489343 0.595836 0.289035
-0.123526 -0.581144 -0.000000 0.546249 0.721725
-0.153771 -0.573882 -0.000000 0.560278 0.725012
-0.130388 -0.613429 -0.000000 0.547699 0.703642
-0.153771 -0.573882 -0.000000 0.560278 0.725012
-0.162314 -0.605765 -0.000000 0.562061 0.706990
-0.130388 -0.613429 -0.000000 0.547699 0.703642
-0.130388 -0.613429 -0.000000 0.547699 0.703642
-0.162314 -0.605765 -0.000000 0.562061 0.706990
-0.133296 -0.627110 0.009714 0.548889 0.691967
-0.162314 -0.605765 -0.000000 0.562061 0.706990
-0.165934 -0.619275 0.009714 0.563505 0.695355
-0.133296 -0.627110 0.009714 0.548889 0.691967
-0.133296 -0.627110 0.009714 0.548889 0.691967
-0.165934 -0.619275 0.009714 0.563505 0.695355
-0.138063 -0.649533 0.026099 0.550801 0.672712
-0.165934 -0.619275 0.009714 0.563505 0.695355
-0.171867 -0.641417 0.026099 0.565823 0.676164
-0.138063 -0.649533 0.026099 0.550801 0.672712
-0.138063 -0.649533 0.026099 0.550801 0.672712
-0.171867 -0.641417 0.026099 0.565823 0.676164
-0.143927 -0.677121 0.047048 0.553082 0.648846
-0.171867 -0.641417 0.026099 0.565823 0.676164
-0.179167 -0.668660 0.047048 0.568587 0.652370
-0.143927 -0.677121 0.047048 0.553082 0.648846
-0.143927 -0.677121 0.047048 0.553082 0.648846
-0.179167 -0.668660 0.047048 0.568587 0.652370
-0.150641 -0.708708 0.072104 0.555591 0.621328
-0.179167 -0.668660 0.047048 0.568587 0.652370
-0.187525 -0.699853 0.072104 0.571625 0.624928
-0.150641 -0.708708 0.072104 0.555591 0.621328
-0.150641 -0.708708 0.072104 0.555591 0.621328
-0.187525 -0.699853 0.072104 0.571625 0.624928
-0.158067 -0.743647 0.101149 0.558231 0.590726
-0.187525 -0.699853 0.072104 0.571625 0.624928
-0.196770 -0.734356 0.101149 0.574816 0.594401
-0.158067 -0.743647 0.101149 0.558231 0.590726
-0.158067 -0.743647 0.101149 0.558231 0.590726
-0.196770 -0.734356 0.101149 0.574816 0.594401
-0.166116 -0.781513 0.134205 0.560916 0.557472
-0.196770 -0.734356 0.101149 0.574816 0.594401
-0.206789 -0.771748 0.134205 0.578062 0.561220
-0.166116 -0.781513 0.134205 0.560916 0.557472
-0.166116 -0.781513 0.134205 0.560916 0.557472
-0.206789 -0.771748 0.134205 0.578062 0.561220
-0.174721 -0.821998 0.171363 0.563573 0.521961
-0.206789 -0.771748 0.134205 0.578062 0.561220
-0.217502 -0.811728 0.171363 0.581269 0.525777
-0.174721 -0.821998 0.171363 0.563573 0.521961
-0.174721 -0.821998 0.171363 0.563573 0.521961
-0.217502 -0.811728 0.171363 0.581269 0.525777
-0.183834 -0.864872 0.212759 0.566131 0.484595
-0.217502 -0.811728 0.171363 0.581269 0.525777
-0.228846 -0.854065 0.212759 0.584355 0.488468
-0.183834 -0.864872 0.212759 0.566131 0.484595
-0.183834 -0.864872 0.212759 0.566131 0.484595
-0.228846 -0.854065 0.212759 0.584355 0.488468
-0.193415 -0.909948 0.258551 0.568527 0.445800
-0.228846 -0.854065 0.212759 0.584355 0.488468
-0.240773 -0.898579 0.258551 0.587246 0.449713
-0.193415 -0.909948 0.258551 0.568527 0.445800
-0.193415 -0.909948 0.258551 0.568527 0.445800
-0.240773 -0.898579 0.258551 0.587246 0.449713
-0.203433 -0.957077 0.308915 0.570710 0.406021
-0.240773 -0.898579 0.258551 0.587246 0.449713
-0.253244 -0.945118 0.308915 0.589880 0.409951
-0.203433 -0.957077 0.308915 0.570710 0.406021
-0.203433 -0.957077 0.308915 0.570710 0.406021
-0.253244 -0.945118 0.308915 0.589880 0.409951
-0.213860 -1.006131 0.364038 0.572644 0.365713
-0.253244 -0.945118 0.308915 0.589880 0.409951
-0.266223 -0.993559 0.364038 0.592209 0.369629
-0.213860 -1.006131 0.364038 0.572644 0.365713
-0.213860 -1.006131 0.364038 0.572644 0.365713
-0.266223 -0.993559 0.364038 0.592209 0.369629
-0.224673 -1.057004 0.424114 0.574302 0.325312
-0.266223 -0.993559 0.364038 0.592209 0.369629
-0.279685 -1.043797 0.424114 0.594201 0.329186
-0.224673 -1.057004 0.424114 0.574302 0.325312
-0.224673 -1.057004 0.424114 0.574302 0.325312
-0.279685 -1.043797 0.424114 0.594201 0.329186
-0.235853 -1.109603 0.489343 0.575670 0.285229
-0.279685 -1.043797 0.424114 0.594201 0.329186
-0.293602 -1.095739 0.489343 0.595836 0.289035
-0.235853 -1.109603 0.489343 0.575670 0.285229
-0.235853 -1.109603 0.489343 0.575670 0.285229
-0.293602 -1.095739 0.489343 0.595836 0.289035
-0.247383 -1.163847 0.559930 0.576740 0.245840
-0.087778 -0.554211 -0.000000 0.530874 0.738163
-0.116663 -0.548858 -0.000000 0.544654 0.740758
-0.092942 -0.586812 -0.000000 0.532103 0.719072
-0.116663 -0.548858 -0.000000 0.544654 0.740758
-0.123526 -0.581144 -0.000000 0.546249 0.721725
-0.092942 -0.586812 -0.000000 0.532103 0.719072
-0.092942 -0.586812 -0.000000 0.532103 0.719072
-0.123526 -0.581144 -0.000000 0.546249 0.721725
-0.098105 -0.619413 -0.000000 0.533220 0.700940
-0.123526 -0.581144 -0.000000 0.546249 0.721725
-0.130388 -0.613429 -0.000000 0.547699 0.703642
-0.098105 -0.619413 -0.000000 0.533220 0.700940
-0.098105 -0.619413 -0.000000 0.533220 0.700940
-0.130388 -0.613429 -0.000000 0.547699 0.703642
-0.100293 -0.633227 0.009714 0.534155 0.689230
-0.130388 -0.613429 -0.000000 0.547699 0.703642
-0.133296 -0.627110 0.009714 0.548889 0.691967
-0.100293 -0.633227 0.009714 0.534155 0.689230
-0.100293 -0.633227 0.009714 0.534155 0.689230
-0.133296 -0.627110 0.009714 0.548889 0.691967
-0.103879 -0.655869 0.026099 0.535658 0.669922
-0.133296 -0.627110 0.009714 0.548889 0.691967
-0.138063 -0.649533 0.026099 0.550801 0.672712
-0.103879 -0.655869 0.026099 0.535658 0.669922
-0.103879 -0.655869 0.026099 0.535658 0.669922
-0.138063 -0.649533 0.026099 0.550801 0.672712
-0.108291 -0.683726 0.047048 0.537454 0.645995
-0.138063 -0.649533 0.026099 0.550801 0.672712
-0.143927 -0.677121 0.047048 0.553082 0.648846
-0.108291 -0.683726 0.047048 0.537454 0.645995
-0.108291 -0.683726 0.047048 0.537454 0.645995
-0.143927 -0.677121 0.047048 0.553082 0.648846
-0.113343 -0.715621 0.072104 0.539433 0.618413
-0.143927 -0.677121 0.047048 0.553082 0.648846
-0.150641 -0.708708 0.072104 0.555591 0.621328
-0.113343 -0.715621 0.072104 0.539433 0.618413
-0.113343 -0.715621 0.072104 0.539433 0.618413
-0.150641 -0.708708 0.072104 0.555591 0.621328
-0.118931 -0.750901 0.101149 0.541517 0.587746
-0.150641 -0.708708 0.072104 0.555591 0.621328
-0.158067 -0.743647 0.101149 0.558231 0.590726
-0.118931 -0.750901 0.101149 0.541517 0.587746
-0.118931 -0.750901 0.101149 0.541517 0.587746
-0.158067 -0.743647 0.101149 0.558231 0.590726
-0.124987 -0.789135 0.134205 0.543641 0.554428
-0.158067 -0.743647 0.101149 0.558231 0.590726
-0.166116 -0.781513 0.134205 0.560916 0.557472
-0.124987 -0.789135 0.134205 0.543641 0.554428
-0.124987 -0.789135 0.134205 0.543641 0.554428
-0.166116 -0.781513 0.134205 0.560916 0.557472
-0.131462 -0.830016 0.171363 0.545746 0.518855
-0.166116 -0.781513 0.134205 0.560916 0.557472
-0.174721 -0.821998 0.171363 0.563573 0.521961
-0.131462 -0.830016 0.171363 0.545746 0.518855
-0.131462 -0.830016 0.171363 0.545746 0.518855
-0.174721 -0.821998 0.171363 0.563573 0.521961
-0.138318 -0.873308 0.212759 0.547775 0.481433
-0.174721 -0.821998 0.171363 0.563573 0.521961
-0.183834 -0.864872 0.212759 0.566131 0.484595
-0.138318 -0.873308 0.212759 0.547775 0.481433
-0.138318 -0.873308 0.212759 0.547775 0.481433
-0.183834 -0.864872 0.212759 0.566131 0.484595
-0.145527 -0.918824 0.258551 0.549679 0.442594
-0.183834 -0.864872 0.212759 0.566131 0.484595
-0.193415 -0.909948 0.258551 0.568527 0.445800
-0.145527 -0.918824 0.258551 0.549679 0.442594
-0.145527 -0.918824 0.258551 0.549679 0.442594
-0.193415 -0.909948 0.258551 0.568527 0.445800
-0.153065 -0.966412 0.308915 0.551417 0.402794
-0.193415 -0.909948 0.258551 0.568527 0.445800
-0.203433 -0.957077 0.308915 0.570710 0.406021
-0.153065 -0.966412 0.308915 0.551417 0.402794
-0.153065 -0.966412 0.308915 0.551417 0.402794
-0.203433 -0.957077 0.308915 0.570710 0.406021
-0.160910 -1.015945 0.364038 0.552961 0.362489
-0.203433 -0.957077 0.308915 0.570710 0.406021
-0.213860 -1.006131 0.364038 0.572644 0.365713
-0.160910 -1.015945 0.364038 0.552961 0.362489
-0.160910 -1.015945 0.364038 0.552961 0.362489
-0.213860 -1.006131 0.364038 0.572644 0.365713
-0.169046 -1.067314 0.424114 0.554292 0.322116
-0.213860 -1.006131 0.364038 0.572644 0.365713
-0.224673 -1.057004 0.424114 0.574302 0.325312
-0.169046 -1.067314 0.424114 0.554292 0.322116
-0.169046 -1.067314 0.424114 0.554292 0.322116
-0.224673 -1.057004 0.424114 0.574302 0.325312
-0.177458 -1.120426 0.489343 0.555400 0.282085
-0.224673 -1.057004 0.424114 0.574302 0.325312
-0.235853 -1.109603 0.489343 0.575670 0.285229
-0.177458 -1.120426 0.489343 0.555400 0.282085
-0.177458 -1.120426 0.489343 0.555400 0.282085
-0.235853 -1.109603 0.489343 0.575670 0.285229
-0.186133 -1.175199 0.559930 0.556280 0.242765
-0.235853 -1.109603 0.489343 0.575670 0.285229
-0.247383 -1.163847 0.559930 0.576740 0.245840
-0.186133 -1.175199 0.559930 0.556280 0.242765
-0.058653 -0.558046 -0.000000 0.517001 0.736193
-0.087778 -0.554211 -0.000000 0.530874 0.738163
-0.062103 -0.590872 -0.000000 0.517863 0.717055
-0.087778 -0.554211 -0.000000 0.530874 0.738163
-0.092942 -0.586812 -0.000000 0.532103 0.719072
-0.062103 -0.590872 -0.000000 0.517863 0.717055
-0.062103 -0.590872 -0.000000 0.517863 0.717055
-0.092942 -0.586812 -0.000000 0.532103 0.719072
-0.065553 -0.623698 -0.000000 0.518647 0.698882
-0.092942 -0.586812 -0.000000 0.532103 0.719072
-0.098105 -0.619413 -0.000000 0.533220 0.700940
-0.065553 -0.623698 -0.000000 0.518647 0.698882
-0.065553 -0.623698 -0.000000 0.518647 0.698882
-0.098105 -0.619413 -0.000000 0.533220 0.700940
-0.067015 -0.637608 0.009714 0.519326 0.687145
-0.098105 -0.619413 -0.000000 0.533220 0.700940
-0.100293 -0.633227 0.009714 0.534155 0.689230
-0.067015 -0.637608 0.009714 0.519326 0.687145
-0.067015 -0.637608 0.009714 0.519326 0.687145
-0.100293 -0.633227 0.009714 0.534155 0.689230
-0.069412 -0.660407 0.026099 0.520419 0.667794
-0.100293 -0.633227 0.009714 0.534155 0.689230
-0.103879 -0.655869 0.026099 0.535658 0.669922
-0.069412 -0.660407 0.026099 0.520419 0.667794
-0.069412 -0.660407 0.026099 0.520419 0.667794
-0.103879 -0.655869 0.026099 0.535658 0.669922
-0.072360 -0.688456 0.047048 0.521726 0.643818
-0.103879 -0.655869 0.026099 0.535658 0.669922
-0.108291 -0.683726 0.047048 0.537454 0.645995
-0.072360 -0.688456 0.047048 0.521726 0.643818
-0.072360 -0.688456 0.047048 0.521726 0.643818
-0.108291 -0.683726 0.047048 0.537454 0.645995
-0.075735 -0.720572 0.072104 0.523171 0.616183
-0.108291 -0.683726 0.047048 0.537454 0.645995
-0.113343 -0.715621 0.072104 0.539433 0.618413
-0.075735 -0.720572 0.072104 0.523171 0.616183
-0.075735 -0.720572 0.072104 0.523171 0.616183
-0.113343 -0.715621 0.072104 0.539433 0.618413
-0.079469 -0.756096 0.101149 0.524696 0.585460
-0.113343 -0.715621 0.072104 0.539433 0.618413
-0.118931 -0.750901 0.101149 0.541517 0.587746
-0.079469 -0.756096 0.101149 0.524696 0.585460
-0.079469 -0.756096 0.101149 0.524696 0.585460
-0.118931 -0.750901 0.101149 0.541517 0.587746
-0.083515 -0.794595 0.134205 0.526256 0.552085
-0.118931 -0.750901 0.101149 0.541517 0.587746
-0.124987 -0.789135 0.134205 0.543641 0.554428
-0.083515 -0.794595 0.134205 0.526256 0.552085
-0.083515 -0.794595 0.134205 0.526256 0.552085
-0.124987 -0.789135 0.134205 0.543641 0.554428
-0.087842 -0.835759 0.171363 0.527807 0.516456
-0.124987 -0.789135 0.134205 0.543641 0.554428
-0.131462 -0.830016 0.171363 0.545746 0.518855
-0.087842 -0.835759 0.171363 0.527807 0.516456
-0.087842 -0.835759 0.171363 0.527807 0.516456
-0.131462 -0.830016 0.171363 0.545746 0.518855
-0.092423 -0.879350 0.212759 0.529307 0.478982
-0.131462 -0.830016 0.171363 0.545746 0.518855
-0.138318 -0.873308 0.212759 0.547775 0.481433
-0.092423 -0.879350 0.212759 0.529307 0.478982
-0.092423 -0.879350 0.212759 0.529307 0.478982
-0.138318 -0.873308 0.212759 0.547775 0.481433
-0.097240 -0.925181 0.258551 0.530720 0.440100
-0.138318 -0.873308 0.212759 0.547775 0.481433
-0.145527 -0.918824 0.258551 0.549679 0.442594
-0.097240 -0.925181 0.258551 0.530720 0.440100
-0.097240 -0.925181 0.258551 0.530720 0.440100
-0.145527 -0.918824 0.258551 0.549679 0.442594
-0.102277 -0.973098 0.308915 0.532017 0.400273
-0.145527 -0.918824 0.258551 0.549679 0.442594
-0.153065 -0.966412 0.308915 0.551417 0.402794
-0.102277 -0.973098 0.308915 0.532017 0.400273
-0.102277 -0.973098 0.308915 0.532017 0.400273
-0.153065 -0.966412 0.308915 0.551417 0.402794
-0.107519 -1.022974 0.364038 0.533178 0.359961
-0.153065 -0.966412 0.308915 0.551417 0.402794
-0.160910 -1.015945 0.364038 0.552961 0.362489
-0.107519 -1.022974 0.364038 0.533178 0.359961
-0.107519 -1.022974 0.364038 0.533178 0.359961
-0.160910 -1.015945 0.364038 0.552961 0.362489
-0.112955 -1.074698 0.424114 0.534189 0.319603
-0.160910 -1.015945 0.364038 0.552961 0.362489
-0.169046 -1.067314 0.424114 0.554292 0.322116
-0.112955 -1.074698 0.424114 0.534189 0.319603
-0.112955 -1.074698 0.424114 0.534189 0.319603
-0.169046 -1.067314 0.424114 0.554292 0.322116
-0.118576 -1.128178 0.489343 0.535044 0.279605
-0.169046 -1.067314 0.424114 0.554292 0.322116
-0.177458 -1.120426 0.489343 0.555400 0.282085
-0.118576 -1.128178 0.489343 0.535044 0.279605
-0.118576 -1.128178 0.489343 0.535044 0.279605
-0.177458 -1.120426 0.489343 0.555400 0.282085
-0.124373 -1.183330 0.559930 0.535738 0.240332
-0.177458 -1.120426 0.489343 0.555400 0.282085
-0.186133 -1.175199 0.559930 0.556280 0.242765
-0.124373 -1.183330 0.559930 0.535738 0.240332
-0.124373 -1.183330 0.559930 0.535738 0.240332
-0.186133 -1.175199 0.559930 0.556280 0.242765
-0.130338 -1.240081 0.636080 0.536271 0.202110
-0.027639 -0.527389 -0.000000 0.502514 0.755015
-0.055203 -0.525220 -0.000000 0.516052 0.756319
-0.029367 -0.560351 -0.000000 0.503058 0.734849
-0.055203 -0.525220 -0.000000 0.516052 0.756319
-0.058653 -0.558046 -0.000000 0.517001 0.736193
-0.029367 -0.560351 -0.000000 0.503058 0.734849
-0.029367 -0.560351 -0.000000 0.503058 0.734849
-0.058653 -0.558046 -0.000000 0.517001 0.736193
-0.031094 -0.593312 -0.000000 0.503553 0.715676
-0.058653 -0.558046 -0.000000 0.517001 0.736193
-0.062103 -0.590872 -0.000000 0.517863 0.717055
-0.031094 -0.593312 -0.000000 0.503553 0.715676
-0.031094 -0.593312 -0.000000 0.503553 0.715676
-0.062103 -0.590872 -0.000000 0.517863 0.717055
-0.032822 -0.626274 -0.000000 0.504002 0.697471
-0.062103 -0.590872 -0.000000 0.517863 0.717055
-0.065553 -0.623698 -0.000000 0.518647 0.698882
-0.032822 -0.626274 -0.000000 0.504002 0.697471
-0.032822 -0.626274 -0.000000 0.504002 0.697471
-0.065553 -0.623698 -0.000000 0.518647 0.698882
-0.033554 -0.640242 0.009714 0.504424 0.685712
-0.065553 -0.623698 -0.000000 0.518647 0.698882
-0.067015 -0.637608 0.009714 0.519326 0.687145
-0.033554 -0.640242 0.009714 0.504424 0.685712
-0.033554 -0.640242 0.009714 0.504424 0.685712
-0.067015 -0.637608 0.009714 0.519326 0.687145
-0.034753 -0.663134 0.026099 0.505105 0.666328
-0.067015 -0.637608 0.009714 0.519326 0.687145
-0.069412 -0.660407 0.026099 0.520419 0.667794
-0.034753 -0.663134 0.026099 0.505105 0.666328
-0.034753 -0.663134 0.026099 0.505105 0.666328
-0.069412 -0.660407 0.026099 0.520419 0.667794
-0.036229 -0.691300 0.047048 0.505922 0.642312
-0.069412 -0.660407 0.026099 0.520419 0.667794
-0.072360 -0.688456 0.047048 0.521726 0.643818
-0.036229 -0.691300 0.047048 0.505922 0.642312
-0.036229 -0.691300 0.047048 0.505922 0.642312
-0.072360 -0.688456 0.047048 0.521726 0.643818
-0.037920 -0.723548 0.072104 0.506829 0.614634
-0.072360 -0.688456 0.047048 0.521726 0.643818
-0.075735 -0.720572 0.072104 0.523171 0.616183
-0.037920 -0.723548 0.072104 0.506829 0.614634
-0.037920 -0.723548 0.072104 0.506829 0.614634
-0.075735 -0.720572 0.072104 0.523171 0.616183
-0.039789 -0.759219 0.101149 0.507792 0.583867
-0.075735 -0.720572 0.072104 0.523171 0.616183
-0.079469 -0.756096 0.101149 0.524696 0.585460
-0.039789 -0.759219 0.101149 0.507792 0.583867
-0.039789 -0.759219 0.101149 0.507792 0.583867
-0.079469 -0.756096 0.101149 0.524696 0.585460
-0.041815 -0.797877 0.134205 0.508784 0.550444
-0.079469 -0.756096 0.101149 0.524696 0.585460
-0.083515 -0.794595 0.134205 0.526256 0.552085
-0.041815 -0.797877 0.134205 0.508784 0.550444
-0.041815 -0.797877 0.134205 0.508784 0.550444
-0.083515 -0.794595 0.134205 0.526256 0.552085
-0.043981 -0.839211 0.171363 0.509778 0.514766
-0.083515 -0.794595 0.134205 0.526256 0.552085
-0.087842 -0.835759 0.171363 0.527807 0.516456
-0.043981 -0.839211 0.171363 0.509778 0.514766
-0.043981 -0.839211 0.171363 0.509778 0.514766
-0.087842 -0.835759 0.171363 0.527807 0.516456
-0.046275 -0.882982 0.212759 0.510748 0.477244
-0.087842 -0.835759 0.171363 0.527807 0.516456
-0.092423 -0.879350 0.212759 0.529307 0.478982
-0.046275 -0.882982 0.212759 0.510748 0.477244
-0.046275 -0.882982 0.212759 0.510748 0.477244
-0.092423 -0.879350 0.212759 0.529307 0.478982
-0.048687 -0.929002 0.258551 0.511671 0.438320
-0.092423 -0.879350 0.212759 0.529307 0.478982
-0.097240 -0.925181 0.258551 0.530720 0.440100
-0.048687 -0.929002 0.258551 0.511671 0.438320
-0.048687 -0.929002 0.258551 0.511671 0.438320
-0.097240 -0.925181 0.258551 0.530720 0.440100
-0.051209 -0.977117 0.308915 0.512531 0.398462
-0.097240 -0.925181 0.258551 0.530720 0.440100
-0.102277 -0.973098 0.308915 0.532017 0.400273
-0.051209 -0.977117 0.308915 0.512531 0.398462
-0.051209 -0.977117 0.308915 0.512531 0.398462
-0.102277 -0.973098 0.308915 0.532017 0.400273
-0.053833 -1.027199 0.364038 0.513314 0.358136
-0.102277 -0.973098 0.308915 0.532017 0.400273
-0.107519 -1.022974 0.364038 0.533178 0.359961
-0.053833 -1.027199 0.364038 0.513314 0.358136
-0.053833 -1.027199 0.364038 0.513314 0.358136
-0.107519 -1.022974 0.364038 0.533178 0.359961
-0.056555 -1.079137 0.424114 0.514011 0.317778
-0.107519 -1.022974 0.364038 0.533178 0.359961
-0.112955 -1.074698 0.424114 0.534189 0.319603
-0.056555 -1.079137 0.424114 0.514011 0.317778
-0.056555 -1.079137 0.424114 0.514011 0.317778
-0.112955 -1.074698 0.424114 0.534189 0.319603
-0.059369 -1.132837 0.489343 0.514619 0.277793
-0.112955 -1.074698 0.424114 0.534189 0.319603
-0.118576 -1.128178 0.489343 0.535044 0.279605
-0.059369 -1.132837 0.489343 0.514619 0.277793
-0.059369 -1.132837 0.489343 0.514619 0.277793
-0.118576 -1.128178 0.489343 0.535044 0.279605
-0.062272 -1.188217 0.559930 0.515134 0.238544
-0.118576 -1.128178 0.489343 0.535044 0.279605
-0.124373 -1.183330 0.559930 0.535738 0.240332
-0.062272 -1.188217 0.559930 0.515134 0.238544
-0.062272 -1.188217 0.559930 0.515134 0.238544
-0.124373 -1.183330 0.559930 0.535738 0.240332
-0.065258 -1.245203 0.636080 0.515554 0.200354
-0.124373 -1.183330 0.559930 0.535738 0.240332
-0.130338 -1.240081 0.636080 0.536271 0.202110
-0.065258 -1.245203 0.636080 0.515554 0.200354
-0.000000 -0.528113 -0.000000 0.488930 0.754326
-0.027639 -0.527389 -0.000000 0.502514 0.755015
-0.000000 -0.561120 -0.000000 0.489069 0.734132
-0.027639 -0.527389 -0.000000 0.502514 0.755015
-0.029367 -0.560351 -0.000000 0.503058 0.734849
-0.000000 -0.561120 -0.000000 0.489069 0.734132
-0.000000 -0.561120 -0.000000 0.489069 0.734132
-0.029367 -0.560351 -0.000000 0.503058 0.734849
-0.000000 -0.594127 -0.000000 0.489196 0.714933
-0.029367 -0.560351 -0.000000 0.503058 0.734849
-0.031094 -0.593312 -0.000000 0.503553 0.715676
-0.000000 -0.594127 -0.000000 0.489196 0.714933
-0.000000 -0.594127 -0.000000 0.489196 0.714933
-0.031094 -0.593312 -0.000000 0.503553 0.715676
-0.000000 -0.627134 -0.000000 0.489311 0.696705
-0.031094 -0.593312 -0.000000 0.503553 0.715676
-0.032822 -0.626274 -0.000000 0.504002 0.697471
-0.000000 -0.627134 -0.000000 0.489311 0.696705
-0.000000 -0.627134 -0.000000 0.489311 0.696705
-0.032822 -0.626274 -0.000000 0.504002 0.697471
-0.000000 -0.641120 0.009714 0.489474 0.684931
-0.032822 -0.626274 -0.000000 0.504002 0.697471
-0.033554 -0.640242 0.009714 0.504424 0.685712
-0.000000 -0.641120 0.009714 0.489474 0.684931
-0.000000 -0.641120 0.009714 0.489474 0.684931
-0.033554 -0.640242 0.009714 0.504424 0.685712
-0.000000 -0.664044 0.026099 0.489741 0.665523
-0.033554 -0.640242 0.009714 0.504424 0.685712
-0.034753 -0.663134 0.026099 0.505105 0.666328
-0.000000 -0.664044 0.026099 0.489741 0.665523
-0.000000 -0.664044 0.026099 0.489741 0.665523
-0.034753 -0.663134 0.026099 0.505105 0.666328
-0.000000 -0.692248 0.047048 0.490066 0.641478
-0.034753 -0.663134 0.026099 0.505105 0.666328
-0.036229 -0.691300 0.047048 0.505922 0.642312
-0.000000 -0.692248 0.047048 0.490066 0.641478
-0.000000 -0.692248 0.047048 0.490066 0.641478
-0.036229 -0.691300 0.047048 0.505922 0.642312
-0.000000 -0.724541 0.072104 0.490433 0.613768
-0.036229 -0.691300 0.047048 0.505922 0.642312
-0.037920 -0.723548 0.072104 0.506829 0.614634
-0.000000 -0.724541 0.072104 0.490433 0.613768
-0.000000 -0.724541 0.072104 0.490433 0.613768
-0.037920 -0.723548 0.072104 0.506829 0.614634
-0.000000 -0.760261 0.101149 0.490831 0.582964
-0.037920 -0.723548 0.072104 0.506829 0.614634
-0.039789 -0.759219 0.101149 0.507792 0.583867
-0.000000 -0.760261 0.101149 0.490831 0.582964
-0.000000 -0.760261 0.101149 0.490831 0.582964
-0.039789 -0.759219 0.101149 0.507792 0.583867
-0.000000 -0.798972 0.134205 0.491252 0.549503
-0.039789 -0.759219 0.101149 0.507792 0.583867
-0.041815 -0.797877 0.134205 0.508784 0.550444
-0.000000 -0.798972 0.134205 0.491252 0.549503
-0.000000 -0.798972 0.134205 0.491252 0.549503
-0.041815 -0.797877 0.134205 0.508784 0.550444
-0.000000 -0.840362 0.171363 0.491686 0.513784
-0.041815 -0.797877 0.134205 0.508784 0.550444
-0.043981 -0.839211 0.171363 0.509778 0.514766
-0.000000 -0.840362 0.171363 0.491686 0.513784
-0.000000 -0.840362 0.171363 0.491686 0.513784
-0.043981 -0.839211 0.171363 0.509778 0.514766
-0.000000 -0.884194 0.212759 0.492125 0.476221
-0.043981 -0.839211 0.171363 0.509778 0.514766
-0.046275 -0.882982 0.212759 0.510748 0.477244
-0.000000 -0.884194 0.212759 0.492125 0.476221
-0.000000 -0.884194 0.212759 0.492125 0.476221
-0.046275 -0.882982 0.212759 0.510748 0.477244
-0.000000 -0.930277 0.258551 0.492559 0.437259
-0.046275 -0.882982 0.212759 0.510748 0.477244
-0.048687 -0.929002 0.258551 0.511671 0.438320
-0.000000 -0.930277 0.258551 0.492559 0.437259
-0.000000 -0.930277 0.258551 0.492559 0.437259
-0.048687 -0.929002 0.258551 0.511671 0.438320
-0.000000 -0.978458 0.308915 0.492983 0.397369
-0.048687 -0.929002 0.258551 0.511671 0.438320
-0.051209 -0.977117 0.308915 0.512531 0.398462
-0.000000 -0.978458 0.308915 0.492983 0.397369
-0.000000 -0.978458 0.308915 0.492983 0.397369
-0.051209 -0.977117 0.308915 0.512531 0.398462
-0.000000 -1.028608 0.364038 0.493392 0.357018
-0.051209 -0.977117 0.308915 0.512531 0.398462
-0.053833 -1.027199 0.364038 0.513314 0.358136
-0.000000 -1.028608 0.364038 0.493392 0.357018
-0.000000 -1.028608 0.364038 0.493392 0.357018
-0.053833 -1.027199 0.364038 0.513314 0.358136
-0.000000 -1.080618 0.424114 0.493780 0.316646
-0.053833 -1.027199 0.364038 0.513314 0.358136
-0.056555 -1.079137 0.424114 0.514011 0.317778
-0.000000 -1.080618 0.424114 0.493780 0.316646
-0.000000 -1.080618 0.424114 0.493780 0.316646
-0.056555 -1.079137 0.424114 0.514011 0.317778
-0.000000 -1.134392 0.489343 0.494144 0.276653
-0.056555 -1.079137 0.424114 0.514011 0.317778
-0.059369 -1.132837 0.489343 0.514619 0.277793
-0.000000 -1.134392 0.489343 0.494144 0.276653
-0.000000 -1.134392 0.489343 0.494144 0.276653
-0.059369 -1.132837 0.489343 0.514619 0.277793
-0.000000 -1.189848 0.559930 0.494483 0.237404
-0.059369 -1.132837 0.489343 0.514619 0.277793
-0.062272 -1.188217 0.559930 0.515134 0.238544
-0.000000 -1.189848 0.559930 0.494483 0.237404
-0.000000 -1.189848 0.559930 0.494483 0.237404
-0.062272 -1.188217 0.559930 0.515134 0.238544
-0.000000 -1.246912 0.636080 0.494794 0.199218
-0.062272 -1.188217 0.559930 0.515134 0.238544
-0.065258 -1.245203 0.636080 0.515554 0.200354
-0.000000 -1.246912 0.636080 0.494794 0.199218
0.027639 -0.527389 -0.000000 0.475324 0.754253
-0.000000 -0.528113 -0.000000 0.488930 0.754326
0.029367 -0.560351 -0.000000 0.475058 0.734043
-0.000000 -0.528113 -0.000000 0.488930 0.754326
-0.000000 -0.561120 -0.000000 0.489069 0.734132
0.029367 -0.560351 -0.000000 0.475058 0.734043
0.029367 -0.560351 -0.000000 0.475058 0.734043
-0.000000 -0.561120 -0.000000 0.489069 0.734132
0.031094 -0.593312 -0.000000 0.474816 0.714829
-0.000000 -0.561120 -0.000000 0.489069 0.734132
-0.000000 -0.594127 -0.000000 0.489196 0.714933
0.031094 -0.593312 -0.000000 0.474816 0.714829
0.031094 -0.593312 -0.000000 0.474816 0.714829
-0.000000 -0.594127 -0.000000 0.489196 0.714933
0.032822 -0.626274 -0.000000 0.474596 0.696586
-0.000000 -0.594127 -0.000000 0.489196 0.714933
-0.000000 -0.627134 -0.000000 0.489311 0.696705
0.032822 -0.626274 -0.000000 0.474596 0.696586
0.032822 -0.626274 -0.000000 0.474596 0.696586
-0.000000 -0.627134 -0.000000 0.489311 0.696705
0.033554 -0.640242 0.009714 0.474500 0.684804
-0.000000 -0.627134 -0.000000 0.489311 0.696705
-0.000000 -0.641120 0.009714 0.489474 0.684931
0.033554 -0.640242 0.009714 0.474500 0.684804
0.033554 -0.640242 0.009714 0.474500 0.684804
-0.000000 -0.641120 0.009714 0.489474 0.684931
0.034753 -0.663134 0.026099 0.474352 0.665380
-0.000000 -0.641120 0.009714 0.489474 0.684931
-0.000000 -0.664044 0.026099 0.489741 0.665523
0.034753 -0.663134 0.026099 0.474352 0.665380
0.034753 -0.663134 0.026099 0.474352 0.665380
-0.000000 -0.664044 0.026099 0.489741 0.665523
0.036229 -0.691300 0.047048 0.474184 0.641316
-0.000000 -0.664044 0.026099 0.489741 0.665523
-0.000000 -0.692248 0.047048 0.490066 0.641478
0.036229 -0.691300 0.047048 0.474184 0.641316
0.036229 -0.691300 0.047048 0.474184 0.641316
-0.000000 -0.692248 0.047048 0.490066 0.641478
0.037920 -0.723548 0.072104 0.474009 0.613582
-0.000000 -0.692248 0.047048 0.490066 0.641478
-0.000000 -0.724541 0.072104 0.490433 0.613768
0.037920 -0.723548 0.072104 0.474009 0.613582
0.037920 -0.723548 0.072104 0.474009 0.613582
-0.000000 -0.724541 0.072104 0.490433 0.613768
0.039789 -0.759219 0.101149 0.473841 0.582752
-0.000000 -0.724541 0.072104 0.490433 0.613768
-0.000000 -0.760261 0.101149 0.490831 0.582964
0.039789 -0.759219 0.101149 0.473841 0.582752
0.039789 -0.759219 0.101149 0.473841 0.582752
-0.000000 -0.760261 0.101149 0.490831 0.582964
0.041815 -0.797877 0.134205 0.473689 0.549263
-0.000000 -0.760261 0.101149 0.490831 0.582964
-0.000000 -0.798972 0.134205 0.491252 0.549503
0.041815 -0.797877 0.134205 0.473689 0.549263
0.041815 -0.797877 0.134205 0.473689 0.549263
-0.000000 -0.798972 0.134205 0.491252 0.549503
0.043981 -0.839211 0.171363 0.473562 0.513513
-0.000000 -0.798972 0.134205 0.491252 0.549503
-0.000000 -0.840362 0.171363 0.491686 0.513784
0.043981 -0.839211 0.171363 0.473562 0.513513
0.043981 -0.839211 0.171363 0.473562 0.513513
-0.000000 -0.840362 0.171363 0.491686 0.513784
0.046275 -0.882982 0.212759 0.473467 0.475917
-0.000000 -0.840362 0.171363 0.491686 0.513784
-0.000000 -0.884194 0.212759 0.492125 0.476221
0.046275 -0.882982 0.212759 0.473467 0.475917
0.046275 -0.882982 0.212759 0.473467 0.475917
-0.000000 -0.884194 0.212759 0.492125 0.476221
0.048687 -0.929002 0.258551 0.473413 0.436921
-0.000000 -0.884194 0.212759 0.492125 0.476221
-0.000000 -0.930277 0.258551 0.492559 0.437259
0.048687 -0.929002 0.258551 0.473413 0.436921
0.048687 -0.929002 0.258551 0.473413 0.436921
-0.000000 -0.930277 0.258551 0.492559 0.437259
0.051209 -0.977117 0.308915 0.473403 0.396997
-0.000000 -0.930277 0.258551 0.492559 0.437259
-0.000000 -0.978458 0.308915 0.492983 0.397369
0.051209 -0.977117 0.308915 0.473403 0.396997
0.051209 -0.977117 0.308915 0.473403 0.396997
-0.000000 -0.978458 0.308915 0.492983 0.397369
0.053833 -1.027199 0.364038 0.473438 0.356614
-0.000000 -0.978458 0.308915 0.492983 0.397369
-0.000000 -1.028608 0.364038 0.493392 0.357018
0.053833 -1.027199 0.364038 0.473438 0.356614
0.053833 -1.027199 0.364038 0.473438 0.356614
-0.000000 -1.028608 0.364038 0.493392 0.357018
0.056555 -1.079137 0.424114 0.473517 0.316210
-0.000000 -1.028608 0.364038 0.493392 0.357018
-0.000000 -1.080618 0.424114 0.493780 0.316646
0.056555 -1.079137 0.424114 0.473517 0.316210
0.056555 -1.079137 0.424114 0.473517 0.316210
-0.000000 -1.080618 0.424114 0.493780 0.316646
0.059369 -1.132837 0.489343 0.473641 0.276188
-0.000000 -1.080618 0.424114 0.493780 0.316646
-0.000000 -1.134392 0.489343 0.494144 0.276653
0.059369 -1.132837 0.489343 0.473641 0.276188
0.059369 -1.132837 0.489343 0.473641 0.276188
-0.000000 -1.134392 0.489343 0.494144 0.276653
0.062272 -1.188217 0.559930 0.473805 0.236913
-0.000000 -1.134392 0.489343 0.494144 0.276653
-0.000000 -1.189848 0.559930 0.494483 0.237404
0.062272 -1.188217 0.559930 0.473805 0.236913
0.062272 -1.188217 0.559930 0.473805 0.236913
-0.000000 -1.189848 0.559930 0.494483 0.237404
0.065258 -1.245203 0.636080 0.474008 0.198704
-0.000000 -1.189848 0.559930 0.494483 0.237404
-0.000000 -1.246912 0.636080 0.494794 0.199218
0.065258 -1.245203 0.636080 0.474008 0.198704
0.055203 -0.525220 -0.000000 0.461721 0.754796
0.027639 -0.527389 -0.000000 0.475324 0.754253
0.058653 -0.558046 -0.000000 0.461049 0.734583
0.027639 -0.527389 -0.000000 0.475324 0.754253
0.029367 -0.560351 -0.000000 0.475058 0.734043
0.058653 -0.558046 -0.000000 0.461049 0.734583
0.058653 -0.558046 -0.000000 0.461049 0.734583
0.029367 -0.560351 -0.000000 0.475058 0.734043
0.062103 -0.590872 -0.000000 0.460438 0.715364
0.029367 -0.560351 -0.000000 0.475058 0.734043
0.031094 -0.593312 -0.000000 0.474816 0.714829
0.062103 -0.590872 -0.000000 0.460438 0.715364
0.062103 -0.590872 -0.000000 0.460438 0.715364
0.031094 -0.593312 -0.000000 0.474816 0.714829
0.065553 -0.623698 -0.000000 0.459882 0.697114
0.031094 -0.593312 -0.000000 0.474816 0.714829
0.032822 -0.626274 -0.000000 0.474596 0.696586
0.065553 -0.623698 -0.000000 0.459882 0.697114
0.065553 -0.623698 -0.000000 0.459882 0.697114
0.032822 -0.626274 -0.000000 0.474596 0.696586
0.067015 -0.637608 0.009714 0.459528 0.685330
0.032822 -0.626274 -0.000000 0.474596 0.696586
0.033554 -0.640242 0.009714 0.474500 0.684804
0.067015 -0.637608 0.009714 0.459528 0.685330
0.067015 -0.637608 0.009714 0.459528 0.685330
0.033554 -0.640242 0.009714 0.474500 0.684804
0.069412 -0.660407 0.026099 0.458964 0.665900
0.033554 -0.640242 0.009714 0.474500 0.684804
0.034753 -0.663134 0.026099 0.474352 0.665380
0.069412 -0.660407 0.026099 0.458964 0.665900
0.069412 -0.660407 0.026099 0.458964 0.665900
0.034753 -0.663134 0.026099 0.474352 0.665380
0.072360 -0.688456 0.047048 0.458301 0.641827
0.034753 -0.663134 0.026099 0.474352 0.665380
0.036229 -0.691300 0.047048 0.474184 0.641316
0.072360 -0.688456 0.047048 0.458301 0.641827
0.072360 -0.688456 0.047048 0.458301 0.641827
0.036229 -0.691300 0.047048 0.474184 0.641316
0.075735 -0.720572 0.072104 0.457586 0.614080
0.036229 -0.691300 0.047048 0.474184 0.641316
0.037920 -0.723548 0.072104 0.474009 0.613582
0.075735 -0.720572 0.072104 0.457586 0.614080
0.075735 -0.720572 0.072104 0.457586 0.614080
0.037920 -0.723548 0.072104 0.474009 0.613582
0.079469 -0.756096 0.101149 0.456851 0.583234
0.037920 -0.723548 0.072104 0.474009 0.613582
0.039789 -0.759219 0.101149 0.473841 0.582752
0.079469 -0.756096 0.101149 0.456851 0.583234
0.079469 -0.756096 0.101149 0.456851 0.583234
0.039789 -0.759219 0.101149 0.473841 0.582752
0.083515 -0.794595 0.134205 0.456126 0.549724
0.039789 -0.759219 0.101149 0.473841 0.582752
0.041815 -0.797877 0.134205 0.473689 0.549263
0.083515 -0.794595 0.134205 0.456126 0.549724
0.083515 -0.794595 0.134205 0.456126 0.549724
0.041815 -0.797877 0.134205 0.473689 0.549263
0.087842 -0.835759 0.171363 0.455437 0.513953
0.041815 -0.797877 0.134205 0.473689 0.549263
0.043981 -0.839211 0.171363 0.473562 0.513513
0.087842 -0.835759 0.171363 0.455437 0.513953
0.087842 -0.835759 0.171363 0.455437 0.513953
0.043981 -0.839211 0.171363 0.473562 0.513513
0.092423 -0.879350 0.212759 0.454810 0.476331
0.043981 -0.839211 0.171363 0.473562 0.513513
0.046275 -0.882982 0.212759 0.473467 0.475917
0.092423 -0.879350 0.212759 0.454810 0.476331
0.092423 -0.879350 0.212759 0.454810 0.476331
0.046275 -0.882982 0.212759 0.473467 0.475917
0.097240 -0.925181 0.258551 0.454265 0.437307
0.046275 -0.882982 0.212759 0.473467 0.475917
0.048687 -0.929002 0.258551 0.473413 0.436921
0.097240 -0.925181 0.258551 0.454265 0.437307
0.097240 -0.925181 0.258551 0.454265 0.437307
0.048687 -0.929002 0.258551 0.473413 0.436921
0.102277 -0.973098 0.308915 0.453818 0.397349
0.048687 -0.929002 0.258551 0.473413 0.436921
0.051209 -0.977117 0.308915 0.473403 0.396997
0.102277 -0.973098 0.308915 0.453818 0.397349
0.102277 -0.973098 0.308915 0.453818 0.397349
0.051209 -0.977117 0.308915 0.473403 0.396997
0.107519 -1.022974 0.364038 0.453478 0.356923
0.051209 -0.977117 0.308915 0.473403 0.396997
0.053833 -1.027199 0.364038 0.473438 0.356614
0.107519 -1.022974 0.364038 0.453478 0.356923
0.107519 -1.022974 0.364038 0.453478 0.356923
0.053833 -1.027199 0.364038 0.473438 0.356614
0.112955 -1.074698 0.424114 0.453248 0.316472
0.053833 -1.027199 0.364038 0.473438 0.356614
0.056555 -1.079137 0.424114 0.473517 0.316210
0.112955 -1.074698 0.424114 0.453248 0.316472
0.112955 -1.074698 0.424114 0.453248 0.316472
0.056555 -1.079137 0.424114 0.473517 0.316210
0.118576 -1.128178 0.489343 0.453129 0.276400
0.056555 -1.079137 0.424114 0.473517 0.316210
0.059369 -1.132837 0.489343 0.473641 0.276188
0.118576 -1.128178 0.489343 0.453129 0.276400
0.118576 -1.128178 0.489343 0.453129 0.276400
0.059369 -1.132837 0.489343 0.473641 0.276188
0.124373 -1.183330 0.559930 0.453118 0.237073
0.059369 -1.132837 0.489343 0.473641 0.276188
0.062272 -1.188217 0.559930 0.473805 0.236913
0.124373 -1.183330 0.559930 0.453118 0.237073
0.124373 -1.183330 0.559930 0.453118 0.237073
0.062272 -1.188217 0.559930 0.473805 0.236913
0.130338 -1.240081 0.636080 0.453212 0.198815
0.062272 -1.188217 0.559930 0.473805 0.236913
0.065258 -1.245203 0.636080 0.474008 0.198704
0.130338 -1.240081 0.636080 0.453212 0.198815
0.082615 -0.521611 -0.000000 0.448143 0.755958
0.055203 -0.525220 -0.000000 0.461721 0.754796
0.087778 -0.554211 -0.000000 0.447065 0.735754
0.055203 -0.525220 -0.000000 0.461721 0.754796
0.058653 -0.558046 -0.000000 0.461049 0.734583
0.087778 -0.554211 -0.000000 0.447065 0.735754
0.087778 -0.554211 -0.000000 0.447065 0.735754
0.058653 -0.558046 -0.000000 0.461049 0.734583
0.092942 -0.586812 -0.000000 0.446085 0.716540
0.058653 -0.558046 -0.000000 0.461049 0.734583
0.062103 -0.590872 -0.000000 0.460438 0.715364
0.092942 -0.586812 -0.000000 0.446085 0.716540
0.092942 -0.586812 -0.000000 0.446085 0.716540
0.062103 -0.590872 -0.000000 0.460438 0.715364
0.098105 -0.619413 -0.000000 0.445194 0.698293
0.062103 -0.590872 -0.000000 0.460438 0.715364
0.065553 -0.623698 -0.000000 0.459882 0.697114
0.098105 -0.619413 -0.000000 0.445194 0.698293
0.098105 -0.619413 -0.000000 0.445194 0.698293
0.065553 -0.623698 -0.000000 0.459882 0.697114
0.100293 -0.633227 0.009714 0.444580 0.686511
0.065553 -0.623698 -0.000000 0.459882 0.697114
0.067015 -0.637608 0.009714 0.459528 0.685330
0.100293 -0.633227 0.009714 0.444580 0.686511
0.100293 -0.633227 0.009714 0.444580 0.686511
0.067015 -0.637608 0.009714 0.459528 0.685330
0.103879 -0.655869 0.026099 0.443601 0.667086
0.067015 -0.637608 0.009714 0.459528 0.685330
0.069412 -0.660407 0.026099 0.458964 0.665900
0.103879 -0.655869 0.026099 0.443601 0.667086
0.103879 -0.655869 0.026099 0.443601 0.667086
0.069412 -0.660407 0.026099 0.458964 0.665900
0.108291 -0.683726 0.047048 0.442445 0.643013
0.069412 -0.660407 0.026099 0.458964 0.665900
0.072360 -0.688456 0.047048 0.458301 0.641827
0.108291 -0.683726 0.047048 0.442445 0.643013
0.108291 -0.683726 0.047048 0.442445 0.643013
0.072360 -0.688456 0.047048 0.458301 0.641827
0.113343 -0.715621 0.072104 0.441189 0.615264
0.072360 -0.688456 0.047048 0.458301 0.641827
0.075735 -0.720572 0.072104 0.457586 0.614080
0.113343 -0.715621 0.072104 0.441189 0.615264
0.113343 -0.715621 0.072104 0.441189 0.615264
0.075735 -0.720572 0.072104 0.457586 0.614080
0.118931 -0.750901 0.101149 0.439888 0.584411
0.075735 -0.720572 0.072104 0.457586 0.614080
0.079469 -0.756096 0.101149 0.456851 0.583234
0.118931 -0.750901 0.101149 0.439888 0.584411
0.118931 -0.750901 0.101149 0.439888 0.584411
0.079469 -0.756096 0.101149 0.456851 0.583234
0.124987 -0.789135 0.134205 0.438591 0.550892
0.079469 -0.756096 0.101149 0.456851 0.583234
0.083515 -0.794595 0.134205 0.456126 0.549724
0.124987 -0.789135 0.134205 0.438591 0.550892
0.124987 -0.789135 0.134205 0.438591 0.550892
0.083515 -0.794595 0.134205 0.456126 0.549724
0.131462 -0.830016 0.171363 0.437342 0.515107
0.083515 -0.794595 0.134205 0.456126 0.549724
0.087842 -0.835759 0.171363 0.455437 0.513953
0.131462 -0.830016 0.171363 0.437342 0.515107
0.131462 -0.830016 0.171363 0.437342 0.515107
0.087842 -0.835759 0.171363 0.455437 0.513953
0.138318 -0.873308 0.212759 0.436181 0.477468
0.087842 -0.835759 0.171363 0.455437 0.513953
0.092423 -0.879350 0.212759 0.454810 0.476331
0.138318 -0.873308 0.212759 0.436181 0.477468
0.138318 -0.873308 0.212759 0.436181 0.477468
0.092423 -0.879350 0.212759 0.454810 0.476331
0.145527 -0.918824 0.258551 0.435145 0.438418
0.092423 -0.879350 0.212759 0.454810 0.476331
0.097240 -0.925181 0.258551 0.454265 0.437307
0.145527 -0.918824 0.258551 0.435145 0.438418
0.145527 -0.918824 0.258551 0.435145 0.438418
0.097240 -0.925181 0.258551 0.454265 0.437307
0.153065 -0.966412 0.308915 0.434259 0.398422
0.097240 -0.925181 0.258551 0.454265 0.437307
0.102277 -0.973098 0.308915 0.453818 0.397349
0.153065 -0.966412 0.308915 0.434259 0.398422
0.153065 -0.966412 0.308915 0.434259 0.398422
0.102277 -0.973098 0.308915 0.453818 0.397349
0.160910 -1.015945 0.364038 0.433539 0.357946
0.102277 -0.973098 0.308915 0.453818 0.397349
0.107519 -1.022974 0.364038 0.453478 0.356923
0.160910 -1.015945 0.364038 0.433539 0.357946
0.160910 -1.015945 0.364038 0.433539 0.357946
0.107519 -1.022974 0.364038 0.453478 0.356923
0.169046 -1.067314 0.424114 0.432995 0.317432
0.107519 -1.022974 0.364038 0.453478 0.356923
0.112955 -1.074698 0.424114 0.453248 0.316472
0.169046 -1.067314 0.424114 0.432995 0.317432
0.169046 -1.067314 0.424114 0.432995 0.317432
0.112955 -1.074698 0.424114 0.453248 0.316472
0.177458 -1.120426 0.489343 0.432629 0.277288
0.112955 -1.074698 0.424114 0.453248 0.316472
0.118576 -1.128178 0.489343 0.453129 0.276400
0.177458 -1.120426 0.489343 0.432629 0.277288
0.177458 -1.120426 0.489343 0.432629 0.277288
0.118576 -1.128178 0.489343 0.453129 0.276400
0.186133 -1.175199 0.559930 0.432440 0.237885
0.118576 -1.128178 0.489343 0.453129 0.276400
0.124373 -1.183330 0.559930 0.453118 0.237073
0.186133 -1.175199 0.559930 0.432440 0.237885
0.186133 -1.175199 0.559930 0.432440 0.237885
0.124373 -1.183330 0.559930 0.453118 0.237073
0.195060 -1.231560 0.636080 0.432425 0.199550
0.124373 -1.183330 0.559930 0.453118 0.237073
0.130338 -1.240081 0.636080 0.453212 0.198815
0.195060 -1.231560 0.636080 0.432425 0.199550
0.082615 -0.521611 -0.000000 0.448143 0.755958
0.087778 -0.554211 -0.000000 0.447065 0.735754
0.116663 -0.548858 -0.000000 0.433132 0.737556
0.116663 -0.548858 -0.000000 0.433132 0.737556
0.087778 -0.554211 -0.000000 0.447065 0.735754
0.123526 -0.581144 -0.000000 0.431782 0.718358
0.087778 -0.554211 -0.000000 0.447065 0.735754
0.092942 -0.586812 -0.000000 0.446085 0.716540
0.123526 -0.581144 -0.000000 0.431782 0.718358
0.123526 -0.581144 -0.000000 0.431782 0.718358
0.092942 -0.586812 -0.000000 0.446085 0.716540
0.130388 -0.613429 -0.000000 0.430555 0.700123
0.092942 -0.586812 -0.000000 0.446085 0.716540
0.098105 -0.619413 -0.000000 0.445194 0.698293
0.130388 -0.613429 -0.000000 0.430555 0.700123
0.130388 -0.613429 -0.000000 0.430555 0.700123
0.098105 -0.619413 -0.000000 0.445194 0.698293
0.133296 -0.627110 0.009714 0.429682 0.688352
0.098105 -0.619413 -0.000000 0.445194 0.698293
0.100293 -0.633227 0.009714 0.444580 0.686511
0.133296 -0.627110 0.009714 0.429682 0.688352
0.133296 -0.627110 0.009714 0.429682 0.688352
0.100293 -0.633227 0.009714 0.444580 0.686511
0.138063 -0.649533 0.026099 0.428289 0.668940
0.100293 -0.633227 0.009714 0.444580 0.686511
0.103879 -0.655869 0.026099 0.443601 0.667086
0.138063 -0.649533 0.026099 0.428289 0.668940
0.138063 -0.649533 0.026099 0.428289 0.668940
0.103879 -0.655869 0.026099 0.443601 0.667086
0.143927 -0.677121 0.047048 0.426640 0.644879
0.103879 -0.655869 0.026099 0.443601 0.667086
0.108291 -0.683726 0.047048 0.442445 0.643013
0.143927 -0.677121 0.047048 0.426640 0.644879
0.143927 -0.677121 0.047048 0.426640 0.644879
0.108291 -0.683726 0.047048 0.442445 0.643013
0.150641 -0.708708 0.072104 0.424844 0.617138
0.108291 -0.683726 0.047048 0.442445 0.643013
0.113343 -0.715621 0.072104 0.441189 0.615264
0.150641 -0.708708 0.072104 0.424844 0.617138
0.150641 -0.708708 0.072104 0.424844 0.617138
0.113343 -0.715621 0.072104 0.441189 0.615264
0.158067 -0.743647 0.101149 0.422979 0.586289
0.113343 -0.715621 0.072104 0.441189 0.615264
0.118931 -0.750901 0.101149 0.439888 0.584411
0.158067 -0.743647 0.101149 0.422979 0.586289
0.158067 -0.743647 0.101149 0.422979 0.586289
0.118931 -0.750901 0.101149 0.439888 0.584411
0.166116 -0.781513 0.134205 0.421112 0.552769
0.118931 -0.750901 0.101149 0.439888 0.584411
0.124987 -0.789135 0.134205 0.438591 0.550892
0.166116 -0.781513 0.134205 0.421112 0.552769
0.166116 -0.781513 0.134205 0.421112 0.552769
0.124987 -0.789135 0.134205 0.438591 0.550892
0.174721 -0.821998 0.171363 0.419303 0.516978
0.124987 -0.789135 0.134205 0.438591 0.550892
0.131462 -0.830016 0.171363 0.437342 0.515107
0.174721 -0.821998 0.171363 0.419303 0.516978
0.174721 -0.821998 0.171363 0.419303 0.516978
0.131462 -0.830016 0.171363 0.437342 0.515107
0.183834 -0.864872 0.212759 0.417609 0.479327
0.131462 -0.830016 0.171363 0.437342 0.515107
0.138318 -0.873308 0.212759 0.436181 0.477468
0.183834 -0.864872 0.212759 0.417609 0.479327
0.183834 -0.864872 0.212759 0.417609 0.479327
0.138318 -0.873308 0.212759 0.436181 0.477468
0.193415 -0.909948 0.258551 0.416078 0.440253
0.138318 -0.873308 0.212759 0.436181 0.477468
0.145527 -0.918824 0.258551 0.435145 0.438418
0.193415 -0.909948 0.258551 0.416078 0.440253
0.193415 -0.909948 0.258551 0.416078 0.440253
0.145527 -0.918824 0.258551 0.435145 0.438418
0.203433 -0.957077 0.308915 0.414748 0.400217
0.145527 -0.918824 0.258551 0.435145 0.438418
0.153065 -0.966412 0.308915 0.434259 0.398422
0.203433 -0.957077 0.308915 0.414748 0.400217
0.203433 -0.957077 0.308915 0.414748 0.400217
0.153065 -0.966412 0.308915 0.434259 0.398422
0.213860 -1.006131 0.364038 0.413644 0.359681
0.153065 -0.966412 0.308915 0.434259 0.398422
0.160910 -1.015945 0.364038 0.433539 0.357946
0.213860 -1.006131 0.364038 0.413644 0.359681
0.213860 -1.006131 0.364038 0.413644 0.359681
0.160910 -1.015945 0.364038 0.433539 0.357946
0.224673 -1.057004 0.424114 0.412779 0.319088
0.160910 -1.015945 0.364038 0.433539 0.357946
0.169046 -1.067314 0.424114 0.432995 0.317432
0.224673 -1.057004 0.424114 0.412779 0.319088
0.224673 -1.057004 0.424114 0.412779 0.319088
0.169046 -1.067314 0.424114 0.432995 0.317432
0.235853 -1.109603 0.489343 0.412161 0.278853
0.169046 -1.067314 0.424114 0.432995 0.317432
0.177458 -1.120426 0.489343 0.432629 0.277288
0.235853 -1.109603 0.489343 0.412161 0.278853
0.235853 -1.109603 0.489343 0.412161 0.278853
0.177458 -1.120426 0.489343 0.432629 0.277288
0.247383 -1.163847 0.559930 0.411791 0.239351
0.177458 -1.120426 0.489343 0.432629 0.277288
0.186133 -1.175199 0.559930 0.432440 0.237885
0.247383 -1.163847 0.559930 0.411791 0.239351
0.145228 -0.542000 -0.000000 0.419272 0.739990
0.116663 -0.548858 -0.000000 0.433132 0.737556
0.153771 -0.573882 -0.000000 0.417553 0.720821
0.116663 -0.548858 -0.000000 0.433132 0.737556
0.123526 -0.581144 -0.000000 0.431782 0.718358
0.153771 -0.573882 -0.000000 0.417553 0.720821
0.153771 -0.573882 -0.000000 0.417553 0.720821
0.123526 -0.581144 -0.000000 0.431782 0.718358
0.162314 -0.605765 -0.000000 0.415989 0.702607
0.123526 -0.581144 -0.000000 0.431782 0.718358
0.130388 -0.613429 -0.000000 0.430555 0.700123
0.162314 -0.605765 -0.000000 0.415989 0.702607
0.162314 -0.605765 -0.000000 0.415989 0.702607
0.130388 -0.613429 -0.000000 0.430555 0.700123
0.165934 -0.619275 0.009714 0.414859 0.690853
0.130388 -0.613429 -0.000000 0.430555 0.700123
0.133296 -0.627110 0.009714 0.429682 0.688352
0.165934 -0.619275 0.009714 0.414859 0.690853
0.165934 -0.619275 0.009714 0.414859 0.690853
0.133296 -0.627110 0.009714 0.429682 0.688352
0.171867 -0.641417 0.026099 0.413051 0.671465
0.133296 -0.627110 0.009714 0.429682 0.688352
0.138063 -0.649533 0.026099 0.428289 0.668940
0.171867 -0.641417 0.026099 0.413051 0.671465
0.171867 -0.641417 0.026099 0.413051 0.671465
0.138063 -0.649533 0.026099 0.428289 0.668940
0.179167 -0.668660 0.047048 0.410910 0.647428
0.138063 -0.649533 0.026099 0.428289 0.668940
0.143927 -0.677121 0.047048 0.426640 0.644879
0.179167 -0.668660 0.047048 0.410910 0.647428
0.179167 -0.668660 0.047048 0.410910 0.647428
0.143927 -0.677121 0.047048 0.426640 0.644879
0.187525 -0.699853 0.072104 0.408576 0.619707
0.143927 -0.677121 0.047048 0.426640 0.644879
0.150641 -0.708708 0.072104 0.424844 0.617138
0.187525 -0.699853 0.072104 0.408576 0.619707
0.187525 -0.699853 0.072104 0.408576 0.619707
0.150641 -0.708708 0.072104 0.424844 0.617138
0.196770 -0.734356 0.101149 0.406148 0.588872
0.150641 -0.708708 0.072104 0.424844 0.617138
0.158067 -0.743647 0.101149 0.422979 0.586289
0.196770 -0.734356 0.101149 0.406148 0.588872
0.196770 -0.734356 0.101149 0.406148 0.588872
0.158067 -0.743647 0.101149 0.422979 0.586289
0.206789 -0.771748 0.134205 0.403712 0.555360
0.158067 -0.743647 0.101149 0.422979 0.586289
0.166116 -0.781513 0.134205 0.421112 0.552769
0.206789 -0.771748 0.134205 0.403712 0.555360
0.206789 -0.771748 0.134205 0.403712 0.555360
0.166116 -0.781513 0.134205 0.421112 0.552769
0.217502 -0.811728 0.171363 0.401345 0.519570
0.166116 -0.781513 0.134205 0.421112 0.552769
0.174721 -0.821998 0.171363 0.419303 0.516978
0.217502 -0.811728 0.171363 0.401345 0.519570
0.217502 -0.811728 0.171363 0.401345 0.519570
0.174721 -0.821998 0.171363 0.419303 0.516978
0.228846 -0.854065 0.212759 0.399116 0.481910
0.174721 -0.821998 0.171363 0.419303 0.516978
0.183834 -0.864872 0.212759 0.417609 0.479327
0.228846 -0.854065 0.212759 0.399116 0.481910
0.228846 -0.854065 0.212759 0.399116 0.481910
0.183834 -0.864872 0.212759 0.417609 0.479327
0.240773 -0.898579 0.258551 0.397088 0.442812
0.183834 -0.864872 0.212759 0.417609 0.479327
0.193415 -0.909948 0.258551 0.416078 0.440253
0.240773 -0.898579 0.258551 0.397088 0.442812
0.240773 -0.898579 0.258551 0.397088 0.442812
0.193415 -0.909948 0.258551 0.416078 0.440253
0.253244 -0.945118 0.308915 0.395308 0.402730
0.193415 -0.909948 0.258551 0.416078 0.440253
0.203433 -0.957077 0.308915 0.414748 0.400217
0.253244 -0.945118 0.308915 0.395308 0.402730
0.253244 -0.945118 0.308915 0.395308 0.402730
0.203433 -0.957077 0.308915 0.414748 0.400217
0.266223 -0.993559 0.364038 0.393812 0.362124
0.203433 -0.957077 0.308915 0.414748 0.400217
0.213860 -1.006131 0.364038 0.413644 0.359681
0.266223 -0.993559 0.364038 0.393812 0.362124
0.266223 -0.993559 0.364038 0.393812 0.362124
0.213860 -1.006131 0.364038 0.413644 0.359681
0.279685 -1.043797 0.424114 0.392620 0.321440
0.213860 -1.006131 0.364038 0.413644 0.359681
0.224673 -1.057004 0.424114 0.412779 0.319088
0.279685 -1.043797 0.424114 0.392620 0.321440
0.279685 -1.043797 0.424114 0.392620 0.321440
0.224673 -1.057004 0.424114 0.412779 0.319088
0.293602 -1.095739 0.489343 0.391744 0.281095
0.224673 -1.057004 0.424114 0.412779 0.319088
0.235853 -1.109603 0.489343 0.412161 0.278853
0.293602 -1.095739 0.489343 0.391744 0.281095
0.293602 -1.095739 0.489343 0.391744 0.281095
0.235853 -1.109603 0.489343 0.412161 0.278853
0.307955 -1.149305 0.559930 0.391186 0.241471
0.235853 -1.109603 0.489343 0.412161 0.278853
0.247383 -1.163847 0.559930 0.411791 0.239351
0.307955 -1.149305 0.559930 0.391186 0.241471
0.145228 -0.542000 -0.000000 0.419272 0.739990
0.153771 -0.573882 -0.000000 0.417553 0.720821
0.183595 -0.565048 -0.000000 0.403421 0.723928
0.183595 -0.565048 -0.000000 0.403421 0.723928
0.153771 -0.573882 -0.000000 0.417553 0.720821
0.193795 -0.596440 -0.000000 0.401521 0.705746
0.153771 -0.573882 -0.000000 0.417553 0.720821
0.162314 -0.605765 -0.000000 0.415989 0.702607
0.193795 -0.596440 -0.000000 0.401521 0.705746
0.193795 -0.596440 -0.000000 0.401521 0.705746
0.162314 -0.605765 -0.000000 0.415989 0.702607
0.198117 -0.609742 0.009714 0.400132 0.694016
0.162314 -0.605765 -0.000000 0.415989 0.702607
0.165934 -0.619275 0.009714 0.414859 0.690853
0.198117 -0.609742 0.009714 0.400132 0.694016
0.198117 -0.609742 0.009714 0.400132 0.694016
0.165934 -0.619275 0.009714 0.414859 0.690853
0.205201 -0.631544 0.026099 0.397912 0.674664
0.165934 -0.619275 0.009714 0.414859 0.690853
0.171867 -0.641417 0.026099 0.413051 0.671465
0.205201 -0.631544 0.026099 0.397912 0.674664
0.205201 -0.631544 0.026099 0.397912 0.674664
0.171867 -0.641417 0.026099 0.413051 0.671465
0.213916 -0.658367 0.047048 0.395279 0.650663
0.171867 -0.641417 0.026099 0.413051 0.671465
0.179167 -0.668660 0.047048 0.410910 0.647428
0.213916 -0.658367 0.047048 0.395279 0.650663
0.213916 -0.658367 0.047048 0.395279 0.650663
0.179167 -0.668660 0.047048 0.410910 0.647428
0.223896 -0.689080 0.072104 0.392407 0.622974
0.179167 -0.668660 0.047048 0.410910 0.647428
0.187525 -0.699853 0.072104 0.408576 0.619707
0.223896 -0.689080 0.072104 0.392407 0.622974
0.223896 -0.689080 0.072104 0.392407 0.622974
0.187525 -0.699853 0.072104 0.408576 0.619707
0.234934 -0.723051 0.101149 0.389418 0.592165
0.187525 -0.699853 0.072104 0.408576 0.619707
0.196770 -0.734356 0.101149 0.406148 0.588872
0.234934 -0.723051 0.101149 0.389418 0.592165
0.234934 -0.723051 0.101149 0.389418 0.592165
0.196770 -0.734356 0.101149 0.406148 0.588872
0.246896 -0.759868 0.134205 0.386413 0.558670
0.196770 -0.734356 0.101149 0.406148 0.588872
0.206789 -0.771748 0.134205 0.403712 0.555360
0.246896 -0.759868 0.134205 0.386413 0.558670
0.246896 -0.759868 0.134205 0.386413 0.558670
0.206789 -0.771748 0.134205 0.403712 0.555360
0.259686 -0.799232 0.171363 0.383486 0.522887
0.206789 -0.771748 0.134205 0.403712 0.555360
0.217502 -0.811728 0.171363 0.401345 0.519570
0.259686 -0.799232 0.171363 0.383486 0.522887
0.259686 -0.799232 0.171363 0.383486 0.522887
0.217502 -0.811728 0.171363 0.401345 0.519570
0.273231 -0.840918 0.212759 0.380721 0.485220
0.217502 -0.811728 0.171363 0.401345 0.519570
0.228846 -0.854065 0.212759 0.399116 0.481910
0.273231 -0.840918 0.212759 0.380721 0.485220
0.273231 -0.840918 0.212759 0.380721 0.485220
0.228846 -0.854065 0.212759 0.399116 0.481910
0.287471 -0.884746 0.258551 0.378191 0.446095
0.228846 -0.854065 0.212759 0.399116 0.481910
0.240773 -0.898579 0.258551 0.397088 0.442812
0.287471 -0.884746 0.258551 0.378191 0.446095
0.287471 -0.884746 0.258551 0.378191 0.446095
0.240773 -0.898579 0.258551 0.397088 0.442812
0.302360 -0.930569 0.308915 0.375957 0.405962
0.240773 -0.898579 0.258551 0.397088 0.442812
0.253244 -0.945118 0.308915 0.395308 0.402730
0.302360 -0.930569 0.308915 0.375957 0.405962
0.302360 -0.930569 0.308915 0.375957 0.405962
0.253244 -0.945118 0.308915 0.395308 0.402730
0.317857 -0.978265 0.364038 0.374062 0.365277
0.253244 -0.945118 0.308915 0.395308 0.402730
0.266223 -0.993559 0.364038 0.393812 0.362124
0.317857 -0.978265 0.364038 0.374062 0.365277
0.317857 -0.978265 0.364038 0.374062 0.365277
0.266223 -0.993559 0.364038 0.393812 0.362124
0.333929 -1.027729 0.424114 0.372536 0.324487
0.266223 -0.993559 0.364038 0.393812 0.362124
0.279685 -1.043797 0.424114 0.392620 0.321440
0.333929 -1.027729 0.424114 0.372536 0.324487
0.333929 -1.027729 0.424114 0.372536 0.324487
0.279685 -1.043797 0.424114 0.392620 0.321440
0.350546 -1.078871 0.489343 0.371395 0.284015
0.279685 -1.043797 0.424114 0.392620 0.321440
0.293602 -1.095739 0.489343 0.391744 0.281095
0.350546 -1.078871 0.489343 0.371395 0.284015
0.198117 -0.609742 0.009714 0.400132 0.694016
0.205201 -0.631544 0.026099 0.397912 0.674664
0.237972 -0.619939 0.026099 0.382894 0.678539
0.237972 -0.619939 0.026099 0.382894 0.678539
0.205201 -0.631544 0.026099 0.397912 0.674664
0.248080 -0.646269 0.047048 0.379771 0.654588
0.205201 -0.631544 0.026099 0.397912 0.674664
0.213916 -0.658367 0.047048 0.395279 0.650663
0.248080 -0.646269 0.047048 0.379771 0.654588
0.248080 -0.646269 0.047048 0.379771 0.654588
0.213916 -0.658367 0.047048 0.395279 0.650663
0.259652 -0.676417 0.072104 0.376361 0.626944
0.213916 -0.658367 0.047048 0.395279 0.650663
0.223896 -0.689080 0.072104 0.392407 0.622974
0.259652 -0.676417 0.072104 0.376361 0.626944
0.259652 -0.676417 0.072104 0.376361 0.626944
0.223896 -0.689080 0.072104 0.392407 0.622974
0.272453 -0.709765 0.101149 0.372809 0.596172
0.223896 -0.689080 0.072104 0.392407 0.622974
0.234934 -0.723051 0.101149 0.389418 0.592165
0.272453 -0.709765 0.101149 0.372809 0.596172
0.272453 -0.709765 0.101149 0.372809 0.596172
0.234934 -0.723051 0.101149 0.389418 0.592165
0.286326 -0.745905 0.134205 0.369235 0.562703
0.234934 -0.723051 0.101149 0.389418 0.592165
0.246896 -0.759868 0.134205 0.386413 0.558670
0.286326 -0.745905 0.134205 0.369235 0.562703
0.286326 -0.745905 0.134205 0.369235 0.562703
0.246896 -0.759868 0.134205 0.386413 0.558670
0.301159 -0.784546 0.171363 0.365747 0.526932
0.246896 -0.759868 0.134205 0.386413 0.558670
0.259686 -0.799232 0.171363 0.383486 0.522887
0.301159 -0.784546 0.171363 0.365747 0.526932
0.301159 -0.784546 0.171363 0.365747 0.526932
0.259686 -0.799232 0.171363 0.383486 0.522887
0.316867 -0.825466 0.212759 0.362442 0.489259
0.259686 -0.799232 0.171363 0.383486 0.522887
0.273231 -0.840918 0.212759 0.380721 0.485220
0.316867 -0.825466 0.212759 0.362442 0.489259
0.316867 -0.825466 0.212759 0.362442 0.489259
0.273231 -0.840918 0.212759 0.380721 0.485220
0.333381 -0.868488 0.258551 0.359406 0.450105
0.273231 -0.840918 0.212759 0.380721 0.485220
0.287471 -0.884746 0.258551 0.378191 0.446095
0.333381 -0.868488 0.258551 0.359406 0.450105
0.333381 -0.868488 0.258551 0.359406 0.450105
0.287471 -0.884746 0.258551 0.378191 0.446095
0.350648 -0.913469 0.308915 0.356711 0.409914
0.287471 -0.884746 0.258551 0.378191 0.446095
0.302360 -0.930569 0.308915 0.375957 0.405962
0.350648 -0.913469 0.308915 0.356711 0.409914
0.350648 -0.913469 0.308915 0.356711 0.409914
0.302360 -0.930569 0.308915 0.375957 0.405962
0.368620 -0.960289 0.364038 0.354412 0.369139
0.302360 -0.930569 0.308915 0.375957 0.405962
0.317857 -0.978265 0.364038 0.374062 0.365277
0.368620 -0.960289 0.364038 0.354412 0.369139
0.368620 -0.960289 0.364038 0.354412 0.369139
0.317857 -0.978265 0.364038 0.374062 0.365277
0.387259 -1.008844 0.424114 0.352545 0.328231
0.317857 -0.978265 0.364038 0.374062 0.365277
0.333929 -1.027729 0.424114 0.372536 0.324487
0.387259 -1.008844 0.424114 0.352545 0.328231
0.272453 -0.709765 0.101149 0.372809 0.596172
0.286326 -0.745905 0.134205 0.369235 0.562703
0.324971 -0.729897 0.134205 0.352199 0.567462
0.324971 -0.729897 0.134205 0.352199 0.567462
0.286326 -0.745905 0.134205 0.369235 0.562703
0.341806 -0.767709 0.171363 0.348147 0.531709
0.286326 -0.745905 0.134205 0.369235 0.562703
0.301159 -0.784546 0.171363 0.365747 0.526932
0.341806 -0.767709 0.171363 0.348147 0.531709
0.341806 -0.767709 0.171363 0.348147 0.531709
0.301159 -0.784546 0.171363 0.365747 0.526932
0.359634 -0.807751 0.212759 0.344298 0.494031
0.301159 -0.784546 0.171363 0.365747 0.526932
0.316867 -0.825466 0.212759 0.362442 0.489259
0.359634 -0.807751 0.212759 0.344298 0.494031
0.359634 -0.807751 0.212759 0.344298 0.494031
0.316867 -0.825466 0.212759 0.362442 0.489259
0.378378 -0.849850 0.258551 0.340751 0.454845
0.316867 -0.825466 0.212759 0.362442 0.489259
0.333381 -0.868488 0.258551 0.359406 0.450105
0.378378 -0.849850 0.258551 0.340751 0.454845
0.378378 -0.849850 0.258551 0.340751 0.454845
0.333381 -0.868488 0.258551 0.359406 0.450105
0.397975 -0.893866 0.308915 0.337590 0.414589
0.333381 -0.868488 0.258551 0.359406 0.450105
0.350648 -0.913469 0.308915 0.356711 0.409914
0.397975 -0.893866 0.308915 0.337590 0.414589
0.397975 -0.893866 0.308915 0.337590 0.414589
0.350648 -0.913469 0.308915 0.356711 0.409914
0.418373 -0.939681 0.364038 0.334880 0.373716
0.350648 -0.913469 0.308915 0.356711 0.409914
0.368620 -0.960289 0.364038 0.354412 0.369139
0.418373 -0.939681 0.364038 0.334880 0.373716
0.418373 -0.939681 0.364038 0.334880 0.373716
0.368620 -0.960289 0.364038 0.354412 0.369139
0.439527 -0.987194 0.424114 0.332666 0.332676
0.368620 -0.960289 0.364038 0.354412 0.369139
0.387259 -1.008844 0.424114 0.352545 0.328231
0.439527 -0.987194 0.424114 0.332666 0.332676
