0.799232 -0.259686 0.171363 0.638602 0.542514
0.784546 -0.301159 0.171363 0.656371 0.547412
0.840918 -0.273231 0.212759 0.641828 0.503955
0.784546 -0.301159 0.171363 0.656371 0.547412
0.825466 -0.316867 0.212759 0.660176 0.508920
0.840918 -0.273231 0.212759 0.641828 0.503955
0.840918 -0.273231 0.212759 0.641828 0.503955
0.825466 -0.316867 0.212759 0.660176 0.508920
0.884746 -0.287471 0.258551 0.644768 0.463828
0.825466 -0.316867 0.212759 0.660176 0.508920
0.868488 -0.333381 0.258551 0.663662 0.468833
0.884746 -0.287471 0.258551 0.644768 0.463828
0.884746 -0.287471 0.258551 0.644768 0.463828
0.868488 -0.333381 0.258551 0.663662 0.468833
0.930569 -0.302360 0.308915 0.647347 0.422600
0.868488 -0.333381 0.258551 0.663662 0.468833
0.913469 -0.350648 0.308915 0.666741 0.427614
0.930569 -0.302360 0.308915 0.647347 0.422600
0.930569 -0.302360 0.308915 0.647347 0.422600
0.913469 -0.350648 0.308915 0.666741 0.427614
0.978265 -0.317857 0.364038 0.649504 0.380759
0.913469 -0.350648 0.308915 0.666741 0.427614
0.960289 -0.368620 0.364038 0.669342 0.385746
0.978265 -0.317857 0.364038 0.649504 0.380759
0.978265 -0.317857 0.364038 0.649504 0.380759
0.960289 -0.368620 0.364038 0.669342 0.385746
1.027729 -0.333929 0.424114 0.651200 0.338791
0.699853 -0.187525 0.072104 0.611997 0.640635
0.689080 -0.223896 0.072104 0.628167 0.644506
0.734356 -0.196770 0.101149 0.614902 0.609235
0.689080 -0.223896 0.072104 0.628167 0.644506
0.723051 -0.234934 0.101149 0.631665 0.613193
0.734356 -0.196770 0.101149 0.614902 0.609235
0.734356 -0.196770 0.101149 0.614902 0.609235
0.723051 -0.234934 0.101149 0.631665 0.613193
0.771748 -0.206789 0.134205 0.617813 0.575023
0.723051 -0.234934 0.101149 0.631665 0.613193
0.759868 -0.246896 0.134205 0.635180 0.579063
0.771748 -0.206789 0.134205 0.617813 0.575023
0.771748 -0.206789 0.134205 0.617813 0.575023
0.759868 -0.246896 0.134205 0.635180 0.579063
0.811728 -0.217502 0.171363 0.620636 0.538401
0.759868 -0.246896 0.134205 0.635180 0.579063
0.799232 -0.259686 0.171363 0.638602 0.542514
0.811728 -0.217502 0.171363 0.620636 0.538401
0.811728 -0.217502 0.171363 0.620636 0.538401
0.799232 -0.259686 0.171363 0.638602 0.542514
0.854065 -0.228846 0.212759 0.623284 0.499785
0.799232 -0.259686 0.171363 0.638602 0.542514
0.840918 -0.273231 0.212759 0.641828 0.503955
0.854065 -0.228846 0.212759 0.623284 0.499785
0.854065 -0.228846 0.212759 0.623284 0.499785
0.840918 -0.273231 0.212759 0.641828 0.503955
0.898579 -0.240773 0.258551 0.625682 0.459622
0.840918 -0.273231 0.212759 0.641828 0.503955
0.884746 -0.287471 0.258551 0.644768 0.463828
0.898579 -0.240773 0.258551 0.625682 0.459622
0.898579 -0.240773 0.258551 0.625682 0.459622
0.884746 -0.287471 0.258551 0.644768 0.463828
0.945118 -0.253244 0.308915 0.627764 0.418387
0.884746 -0.287471 0.258551 0.644768 0.463828
0.930569 -0.302360 0.308915 0.647347 0.422600
0.945118 -0.253244 0.308915 0.627764 0.418387
0.945118 -0.253244 0.308915 0.627764 0.418387
0.930569 -0.302360 0.308915 0.647347 0.422600
0.993559 -0.266223 0.364038 0.629484 0.376571
0.930569 -0.302360 0.308915 0.647347 0.422600
0.978265 -0.317857 0.364038 0.649504 0.380759
0.993559 -0.266223 0.364038 0.629484 0.376571
0.993559 -0.266223 0.364038 0.629484 0.376571
0.978265 -0.317857 0.364038 0.649504 0.380759
1.043797 -0.279685 0.424114 0.630809 0.334660
0.978265 -0.317857 0.364038 0.649504 0.380759
1.027729 -0.333929 0.424114 0.651200 0.338791
1.043797 -0.279685 0.424114 0.630809 0.334660
1.043797 -0.279685 0.424114 0.630809 0.334660
1.027729 -0.333929 0.424114 0.651200 0.338791
1.095739 -0.293602 0.489343 0.631722 0.293118
0.613429 -0.130388 -0.000000 0.588581 0.721697
0.605765 -0.162314 -0.000000 0.603127 0.724595
0.627110 -0.133296 0.009714 0.589662 0.709801
0.605765 -0.162314 -0.000000 0.603127 0.724595
0.619275 -0.165934 0.009714 0.604478 0.712736
0.627110 -0.133296 0.009714 0.589662 0.709801
0.627110 -0.133296 0.009714 0.589662 0.709801
0.619275 -0.165934 0.009714 0.604478 0.712736
0.649533 -0.138063 0.026099 0.591390 0.690148
0.619275 -0.165934 0.009714 0.604478 0.712736
0.641417 -0.171867 0.026099 0.606639 0.693140
0.649533 -0.138063 0.026099 0.591390 0.690148
0.649533 -0.138063 0.026099 0.591390 0.690148
0.641417 -0.171867 0.026099 0.606639 0.693140
0.677121 -0.143927 0.047048 0.593436 0.665731
0.641417 -0.171867 0.026099 0.606639 0.693140
0.668660 -0.179167 0.047048 0.609202 0.668790
0.677121 -0.143927 0.047048 0.593436 0.665731
0.677121 -0.143927 0.047048 0.593436 0.665731
0.668660 -0.179167 0.047048 0.609202 0.668790
0.708708 -0.150641 0.072104 0.595663 0.637507
0.668660 -0.179167 0.047048 0.609202 0.668790
0.699853 -0.187525 0.072104 0.611997 0.640635
0.708708 -0.150641 0.072104 0.595663 0.637507
0.708708 -0.150641 0.072104 0.595663 0.637507
0.699853 -0.187525 0.072104 0.611997 0.640635
0.743647 -0.158067 0.101149 0.597971 0.606037
0.699853 -0.187525 0.072104 0.611997 0.640635
0.734356 -0.196770 0.101149 0.614902 0.609235
0.743647 -0.158067 0.101149 0.597971 0.606037
0.743647 -0.158067 0.101149 0.597971 0.606037
0.734356 -0.196770 0.101149 0.614902 0.609235
0.781513 -0.166116 0.134205 0.600276 0.571757
0.734356 -0.196770 0.101149 0.614902 0.609235
0.771748 -0.206789 0.134205 0.617813 0.575023
0.781513 -0.166116 0.134205 0.600276 0.571757
0.781513 -0.166116 0.134205 0.600276 0.571757
0.771748 -0.206789 0.134205 0.617813 0.575023
0.821998 -0.174721 0.171363 0.602500 0.535075
0.771748 -0.206789 0.134205 0.617813 0.575023
0.811728 -0.217502 0.171363 0.620636 0.538401
0.821998 -0.174721 0.171363 0.602500 0.535075
0.821998 -0.174721 0.171363 0.602500 0.535075
0.811728 -0.217502 0.171363 0.620636 0.538401
0.864872 -0.183834 0.212759 0.604571 0.496411
0.811728 -0.217502 0.171363 0.620636 0.538401
0.854065 -0.228846 0.212759 0.623284 0.499785
0.864872 -0.183834 0.212759 0.604571 0.496411
0.864872 -0.183834 0.212759 0.604571 0.496411
0.854065 -0.228846 0.212759 0.623284 0.499785
0.909948 -0.193415 0.258551 0.606428 0.456218
0.854065 -0.228846 0.212759 0.623284 0.499785
0.898579 -0.240773 0.258551 0.625682 0.459622
0.909948 -0.193415 0.258551 0.606428 0.456218
0.909948 -0.193415 0.258551 0.606428 0.456218
0.898579 -0.240773 0.258551 0.625682 0.459622
0.957077 -0.203433 0.308915 0.608019 0.414977
0.898579 -0.240773 0.258551 0.625682 0.459622
0.945118 -0.253244 0.308915 0.627764 0.418387
0.957077 -0.203433 0.308915 0.608019 0.414977
0.957077 -0.203433 0.308915 0.608019 0.414977
0.945118 -0.253244 0.308915 0.627764 0.418387
1.006131 -0.213860 0.364038 0.609306 0.373182
0.945118 -0.253244 0.308915 0.627764 0.418387
0.993559 -0.266223 0.364038 0.629484 0.376571
1.006131 -0.213860 0.364038 0.609306 0.373182
1.006131 -0.213860 0.364038 0.609306 0.373182
0.993559 -0.266223 0.364038 0.629484 0.376571
1.057004 -0.224673 0.424114 0.610267 0.331321
0.993559 -0.266223 0.364038 0.629484 0.376571
1.043797 -0.279685 0.424114 0.630809 0.334660
1.057004 -0.224673 0.424114 0.610267 0.331321
1.057004 -0.224673 0.424114 0.610267 0.331321
1.043797 -0.279685 0.424114 0.630809 0.334660
1.109603 -0.235853 0.489343 0.610890 0.289856
1.043797 -0.279685 0.424114 0.630809 0.334660
1.095739 -0.293602 0.489343 0.631722 0.293118
1.109603 -0.235853 0.489343 0.610890 0.289856
0.554211 -0.087778 -0.000000 0.571892 0.758051
0.548858 -0.116663 -0.000000 0.585821 0.760178
0.586812 -0.092942 -0.000000 0.572956 0.738295
0.548858 -0.116663 -0.000000 0.585821 0.760178
0.581144 -0.123526 -0.000000 0.587273 0.740468
0.586812 -0.092942 -0.000000 0.572956 0.738295
0.586812 -0.092942 -0.000000 0.572956 0.738295
0.581144 -0.123526 -0.000000 0.587273 0.740468
0.619413 -0.098105 -0.000000 0.573910 0.719484
0.581144 -0.123526 -0.000000 0.587273 0.740468
0.613429 -0.130388 -0.000000 0.588581 0.721697
0.619413 -0.098105 -0.000000 0.573910 0.719484
0.619413 -0.098105 -0.000000 0.573910 0.719484
0.613429 -0.130388 -0.000000 0.588581 0.721697
0.633227 -0.100293 0.009714 0.574719 0.707560
0.613429 -0.130388 -0.000000 0.588581 0.721697
0.627110 -0.133296 0.009714 0.589662 0.709801
0.633227 -0.100293 0.009714 0.574719 0.707560
0.633227 -0.100293 0.009714 0.574719 0.707560
0.627110 -0.133296 0.009714 0.589662 0.709801
0.655869 -0.103879 0.026099 0.576011 0.687864
0.627110 -0.133296 0.009714 0.589662 0.709801
0.649533 -0.138063 0.026099 0.591390 0.690148
0.655869 -0.103879 0.026099 0.576011 0.687864
0.655869 -0.103879 0.026099 0.576011 0.687864
0.649533 -0.138063 0.026099 0.591390 0.690148
0.683726 -0.108291 0.047048 0.577537 0.663398
0.649533 -0.138063 0.026099 0.591390 0.690148
0.677121 -0.143927 0.047048 0.593436 0.665731
0.683726 -0.108291 0.047048 0.577537 0.663398
0.683726 -0.108291 0.047048 0.577537 0.663398
0.677121 -0.143927 0.047048 0.593436 0.665731
0.715621 -0.113343 0.072104 0.579193 0.635121
0.677121 -0.143927 0.047048 0.593436 0.665731
0.708708 -0.150641 0.072104 0.595663 0.637507
0.715621 -0.113343 0.072104 0.579193 0.635121
0.715621 -0.113343 0.072104 0.579193 0.635121
0.708708 -0.150641 0.072104 0.595663 0.637507
0.750901 -0.118931 0.101149 0.580902 0.603597
0.708708 -0.150641 0.072104 0.595663 0.637507
0.743647 -0.158067 0.101149 0.597971 0.606037
0.750901 -0.118931 0.101149 0.580902 0.603597
0.750901 -0.118931 0.101149 0.580902 0.603597
0.743647 -0.158067 0.101149 0.597971 0.606037
0.789135 -0.124987 0.134205 0.582597 0.569266
0.743647 -0.158067 0.101149 0.597971 0.606037
0.781513 -0.166116 0.134205 0.600276 0.571757
0.789135 -0.124987 0.134205 0.582597 0.569266
0.789135 -0.124987 0.134205 0.582597 0.569266
0.781513 -0.166116 0.134205 0.600276 0.571757
0.830016 -0.131462 0.171363 0.584220 0.532537
0.781513 -0.166116 0.134205 0.600276 0.571757
0.821998 -0.174721 0.171363 0.602500 0.535075
0.830016 -0.131462 0.171363 0.584220 0.532537
0.830016 -0.131462 0.171363 0.584220 0.532537
0.821998 -0.174721 0.171363 0.602500 0.535075
0.873308 -0.138318 0.212759 0.585714 0.493835
0.821998 -0.174721 0.171363 0.602500 0.535075
0.864872 -0.183834 0.212759 0.604571 0.496411
0.873308 -0.138318 0.212759 0.585714 0.493835
0.873308 -0.138318 0.212759 0.585714 0.493835
0.864872 -0.183834 0.212759 0.604571 0.496411
0.918824 -0.145527 0.258551 0.587032 0.453618
0.864872 -0.183834 0.212759 0.604571 0.496411
0.909948 -0.193415 0.258551 0.606428 0.456218
0.918824 -0.145527 0.258551 0.587032 0.453618
0.918824 -0.145527 0.258551 0.587032 0.453618
0.909948 -0.193415 0.258551 0.606428 0.456218
0.966412 -0.153065 0.308915 0.588135 0.412373
0.909948 -0.193415 0.258551 0.606428 0.456218
0.957077 -0.203433 0.308915 0.608019 0.414977
0.966412 -0.153065 0.308915 0.588135 0.412373
0.966412 -0.153065 0.308915 0.588135 0.412373
0.957077 -0.203433 0.308915 0.608019 0.414977
1.015945 -0.160910 0.364038 0.588996 0.370596
0.957077 -0.203433 0.308915 0.608019 0.414977
1.006131 -0.213860 0.364038 0.609306 0.373182
1.015945 -0.160910 0.364038 0.588996 0.370596
1.015945 -0.160910 0.364038 0.588996 0.370596
1.006131 -0.213860 0.364038 0.609306 0.373182
1.067314 -0.169046 0.424114 0.589600 0.328777
1.006131 -0.213860 0.364038 0.609306 0.373182
1.057004 -0.224673 0.424114 0.610267 0.331321
1.067314 -0.169046 0.424114 0.589600 0.328777
1.067314 -0.169046 0.424114 0.589600 0.328777
1.057004 -0.224673 0.424114 0.610267 0.331321
1.120426 -0.177458 0.489343 0.589939 0.287375
1.057004 -0.224673 0.424114 0.610267 0.331321
1.109603 -0.235853 0.489343 0.610890 0.289856
1.120426 -0.177458 0.489343 0.589939 0.287375
1.120426 -0.177458 0.489343 0.589939 0.287375
1.109603 -0.235853 0.489343 0.610890 0.289856
1.175199 -0.186133 0.559930 0.590016 0.246807
0.525220 -0.055203 -0.000000 0.557111 0.777334
0.521611 -0.082615 -0.000000 0.570708 0.778767
0.558046 -0.058653 -0.000000 0.557868 0.756583
0.521611 -0.082615 -0.000000 0.570708 0.778767
0.554211 -0.087778 -0.000000 0.571892 0.758051
0.558046 -0.058653 -0.000000 0.557868 0.756583
0.558046 -0.058653 -0.000000 0.557868 0.756583
0.554211 -0.087778 -0.000000 0.571892 0.758051
0.590872 -0.062103 -0.000000 0.558542 0.736795
0.554211 -0.087778 -0.000000 0.571892 0.758051
0.586812 -0.092942 -0.000000 0.572956 0.738295
0.590872 -0.062103 -0.000000 0.558542 0.736795
0.590872 -0.062103 -0.000000 0.558542 0.736795
0.586812 -0.092942 -0.000000 0.572956 0.738295
0.623698 -0.065553 -0.000000 0.559140 0.717956
0.586812 -0.092942 -0.000000 0.572956 0.738295
0.619413 -0.098105 -0.000000 0.573910 0.719484
0.623698 -0.065553 -0.000000 0.559140 0.717956
0.623698 -0.065553 -0.000000 0.559140 0.717956
0.619413 -0.098105 -0.000000 0.573910 0.719484
0.637608 -0.067015 0.009714 0.559677 0.706013
0.619413 -0.098105 -0.000000 0.573910 0.719484
0.633227 -0.100293 0.009714 0.574719 0.707560
0.637608 -0.067015 0.009714 0.559677 0.706013
0.637608 -0.067015 0.009714 0.559677 0.706013
0.633227 -0.100293 0.009714 0.574719 0.707560
0.660407 -0.069412 0.026099 0.560531 0.686289
0.633227 -0.100293 0.009714 0.574719 0.707560
0.655869 -0.103879 0.026099 0.576011 0.687864
0.660407 -0.069412 0.026099 0.560531 0.686289
0.660407 -0.069412 0.026099 0.560531 0.686289
0.655869 -0.103879 0.026099 0.576011 0.687864
0.688456 -0.072360 0.047048 0.561534 0.661789
0.655869 -0.103879 0.026099 0.576011 0.687864
0.683726 -0.108291 0.047048 0.577537 0.663398
0.688456 -0.072360 0.047048 0.561534 0.661789
0.688456 -0.072360 0.047048 0.561534 0.661789
0.683726 -0.108291 0.047048 0.577537 0.663398
0.720572 -0.075735 0.072104 0.562615 0.633476
0.683726 -0.108291 0.047048 0.577537 0.663398
0.715621 -0.113343 0.072104 0.579193 0.635121
0.720572 -0.075735 0.072104 0.562615 0.633476
0.720572 -0.075735 0.072104 0.562615 0.633476
0.715621 -0.113343 0.072104 0.579193 0.635121
0.756096 -0.079469 0.101149 0.563720 0.601917
0.715621 -0.113343 0.072104 0.579193 0.635121
0.750901 -0.118931 0.101149 0.580902 0.603597
0.756096 -0.079469 0.101149 0.563720 0.601917
0.756096 -0.079469 0.101149 0.563720 0.601917
0.750901 -0.118931 0.101149 0.580902 0.603597
0.794595 -0.083515 0.134205 0.564804 0.567550
0.750901 -0.118931 0.101149 0.580902 0.603597
0.789135 -0.124987 0.134205 0.582597 0.569266
0.794595 -0.083515 0.134205 0.564804 0.567550
0.794595 -0.083515 0.134205 0.564804 0.567550
0.789135 -0.124987 0.134205 0.582597 0.569266
0.835759 -0.087842 0.171363 0.565824 0.530788
0.789135 -0.124987 0.134205 0.582597 0.569266
0.830016 -0.131462 0.171363 0.584220 0.532537
0.835759 -0.087842 0.171363 0.565824 0.530788
0.835759 -0.087842 0.171363 0.565824 0.530788
0.830016 -0.131462 0.171363 0.584220 0.532537
0.879350 -0.092423 0.212759 0.566740 0.492059
0.830016 -0.131462 0.171363 0.584220 0.532537
0.873308 -0.138318 0.212759 0.585714 0.493835
0.879350 -0.092423 0.212759 0.566740 0.492059
0.879350 -0.092423 0.212759 0.566740 0.492059
0.873308 -0.138318 0.212759 0.585714 0.493835
0.925181 -0.097240 0.258551 0.567521 0.451825
0.873308 -0.138318 0.212759 0.585714 0.493835
0.918824 -0.145527 0.258551 0.587032 0.453618
0.925181 -0.097240 0.258551 0.567521 0.451825
0.925181 -0.097240 0.258551 0.567521 0.451825
0.918824 -0.145527 0.258551 0.587032 0.453618
0.973098 -0.102277 0.308915 0.568140 0.410577
0.918824 -0.145527 0.258551 0.587032 0.453618
0.966412 -0.153065 0.308915 0.588135 0.412373
0.973098 -0.102277 0.308915 0.568140 0.410577
0.973098 -0.102277 0.308915 0.568140 0.410577
0.966412 -0.153065 0.308915 0.588135 0.412373
1.022974 -0.107519 0.364038 0.568580 0.368816
0.966412 -0.153065 0.308915 0.588135 0.412373
1.015945 -0.160910 0.364038 0.588996 0.370596
1.022974 -0.107519 0.364038 0.568580 0.368816
1.022974 -0.107519 0.364038 0.568580 0.368816
1.015945 -0.160910 0.364038 0.588996 0.370596
1.074698 -0.112955 0.424114 0.568832 0.327030
1.015945 -0.160910 0.364038 0.588996 0.370596
1.067314 -0.169046 0.424114 0.589600 0.328777
1.074698 -0.112955 0.424114 0.568832 0.327030
1.074698 -0.112955 0.424114 0.568832 0.327030
1.067314 -0.169046 0.424114 0.589600 0.328777
1.128178 -0.118576 0.489343 0.568894 0.285678
1.067314 -0.169046 0.424114 0.589600 0.328777
1.120426 -0.177458 0.489343 0.589939 0.287375
1.128178 -0.118576 0.489343 0.568894 0.285678
1.128178 -0.118576 0.489343 0.568894 0.285678
1.120426 -0.177458 0.489343 0.589939 0.287375
1.183330 -0.124373 0.559930 0.568770 0.245174
1.120426 -0.177458 0.489343 0.589939 0.287375
1.175199 -0.186133 0.559930 0.590016 0.246807
1.183330 -0.124373 0.559930 0.568770 0.245174
0.527389 -0.027639 -0.000000 0.543447 0.776544
0.525220 -0.055203 -0.000000 0.557111 0.777334
0.560351 -0.029367 -0.000000 0.543776 0.755772
0.525220 -0.055203 -0.000000 0.557111 0.777334
0.558046 -0.058653 -0.000000 0.557868 0.756583
0.560351 -0.029367 -0.000000 0.543776 0.755772
0.560351 -0.029367 -0.000000 0.543776 0.755772
0.558046 -0.058653 -0.000000 0.557868 0.756583
0.593312 -0.031094 -0.000000 0.544059 0.735966
0.558046 -0.058653 -0.000000 0.557868 0.756583
0.590872 -0.062103 -0.000000 0.558542 0.736795
0.593312 -0.031094 -0.000000 0.544059 0.735966
0.593312 -0.031094 -0.000000 0.544059 0.735966
0.590872 -0.062103 -0.000000 0.558542 0.736795
0.626274 -0.032822 -0.000000 0.544301 0.717112
0.590872 -0.062103 -0.000000 0.558542 0.736795
0.623698 -0.065553 -0.000000 0.559140 0.717956
0.626274 -0.032822 -0.000000 0.544301 0.717112
0.626274 -0.032822 -0.000000 0.544301 0.717112
0.623698 -0.065553 -0.000000 0.559140 0.717956
0.640242 -0.033554 0.009714 0.544564 0.705160
0.623698 -0.065553 -0.000000 0.559140 0.717956
0.637608 -0.067015 0.009714 0.559677 0.706013
0.640242 -0.033554 0.009714 0.544564 0.705160
0.640242 -0.033554 0.009714 0.544564 0.705160
0.637608 -0.067015 0.009714 0.559677 0.706013
0.663134 -0.034753 0.026099 0.544977 0.685421
0.637608 -0.067015 0.009714 0.559677 0.706013
0.660407 -0.069412 0.026099 0.560531 0.686289
0.663134 -0.034753 0.026099 0.544977 0.685421
0.663134 -0.034753 0.026099 0.544977 0.685421
0.660407 -0.069412 0.026099 0.560531 0.686289
0.691300 -0.036229 0.047048 0.545455 0.660904
0.660407 -0.069412 0.026099 0.560531 0.686289
0.688456 -0.072360 0.047048 0.561534 0.661789
0.691300 -0.036229 0.047048 0.545455 0.660904
0.691300 -0.036229 0.047048 0.545455 0.660904
0.688456 -0.072360 0.047048 0.561534 0.661789
0.723548 -0.037920 0.072104 0.545958 0.632573
0.688456 -0.072360 0.047048 0.561534 0.661789
0.720572 -0.075735 0.072104 0.562615 0.633476
0.723548 -0.037920 0.072104 0.545958 0.632573
0.723548 -0.037920 0.072104 0.545958 0.632573
0.720572 -0.075735 0.072104 0.562615 0.633476
0.759219 -0.039789 0.101149 0.546458 0.600994
0.720572 -0.075735 0.072104 0.562615 0.633476
0.756096 -0.079469 0.101149 0.563720 0.601917
0.759219 -0.039789 0.101149 0.546458 0.600994
0.759219 -0.039789 0.101149 0.546458 0.600994
0.756096 -0.079469 0.101149 0.563720 0.601917
0.797877 -0.041815 0.134205 0.546927 0.566608
0.756096 -0.079469 0.101149 0.563720 0.601917
0.794595 -0.083515 0.134205 0.564804 0.567550
0.797877 -0.041815 0.134205 0.546927 0.566608
0.797877 -0.041815 0.134205 0.546927 0.566608
0.794595 -0.083515 0.134205 0.564804 0.567550
0.839211 -0.043981 0.171363 0.547342 0.529827
0.794595 -0.083515 0.134205 0.564804 0.567550
0.835759 -0.087842 0.171363 0.565824 0.530788
0.839211 -0.043981 0.171363 0.547342 0.529827
0.839211 -0.043981 0.171363 0.547342 0.529827
0.835759 -0.087842 0.171363 0.565824 0.530788
0.882982 -0.046275 0.212759 0.547681 0.491084
0.835759 -0.087842 0.171363 0.565824 0.530788
0.879350 -0.092423 0.212759 0.566740 0.492059
0.882982 -0.046275 0.212759 0.547681 0.491084
0.882982 -0.046275 0.212759 0.547681 0.491084
0.879350 -0.092423 0.212759 0.566740 0.492059
0.929002 -0.048687 0.258551 0.547926 0.450842
0.879350 -0.092423 0.212759 0.566740 0.492059
0.925181 -0.097240 0.258551 0.567521 0.451825
0.929002 -0.048687 0.258551 0.547926 0.450842
0.929002 -0.048687 0.258551 0.547926 0.450842
0.925181 -0.097240 0.258551 0.567521 0.451825
0.977117 -0.051209 0.308915 0.548063 0.409594
0.925181 -0.097240 0.258551 0.567521 0.451825
0.973098 -0.102277 0.308915 0.568140 0.410577
0.977117 -0.051209 0.308915 0.548063 0.409594
0.977117 -0.051209 0.308915 0.548063 0.409594
0.973098 -0.102277 0.308915 0.568140 0.410577
1.027199 -0.053833 0.364038 0.548086 0.367846
0.973098 -0.102277 0.308915 0.568140 0.410577
1.022974 -0.107519 0.364038 0.568580 0.368816
1.027199 -0.053833 0.364038 0.548086 0.367846
1.027199 -0.053833 0.364038 0.548086 0.367846
1.022974 -0.107519 0.364038 0.568580 0.368816
1.079137 -0.056555 0.424114 0.547991 0.326085
1.022974 -0.107519 0.364038 0.568580 0.368816
1.074698 -0.112955 0.424114 0.568832 0.327030
1.079137 -0.056555 0.424114 0.547991 0.326085
1.079137 -0.056555 0.424114 0.547991 0.326085
1.074698 -0.112955 0.424114 0.568832 0.327030
1.132837 -0.059369 0.489343 0.547781 0.284768
1.074698 -0.112955 0.424114 0.568832 0.327030
1.128178 -0.118576 0.489343 0.568894 0.285678
1.132837 -0.059369 0.489343 0.547781 0.284768
1.132837 -0.059369 0.489343 0.547781 0.284768
1.128178 -0.118576 0.489343 0.568894 0.285678
1.188217 -0.062272 0.559930 0.547460 0.244308
1.128178 -0.118576 0.489343 0.568894 0.285678
1.183330 -0.124373 0.559930 0.568770 0.245174
1.188217 -0.062272 0.559930 0.547460 0.244308
0.495106 -0.000000 -0.000000 0.529836 0.798144
0.494427 -0.025912 -0.000000 0.543068 0.798287
0.528113 -0.000000 -0.000000 0.529744 0.776396
0.494427 -0.025912 -0.000000 0.543068 0.798287
0.527389 -0.027639 -0.000000 0.543447 0.776544
0.528113 -0.000000 -0.000000 0.529744 0.776396
0.528113 -0.000000 -0.000000 0.529744 0.776396
0.527389 -0.027639 -0.000000 0.543447 0.776544
0.561120 -0.000000 -0.000000 0.529643 0.755619
0.527389 -0.027639 -0.000000 0.543447 0.776544
0.560351 -0.029367 -0.000000 0.543776 0.755772
0.561120 -0.000000 -0.000000 0.529643 0.755619
0.561120 -0.000000 -0.000000 0.529643 0.755619
0.560351 -0.029367 -0.000000 0.543776 0.755772
0.594127 -0.000000 -0.000000 0.529535 0.735810
0.560351 -0.029367 -0.000000 0.543776 0.755772
0.593312 -0.031094 -0.000000 0.544059 0.735966
0.594127 -0.000000 -0.000000 0.529535 0.735810
0.594127 -0.000000 -0.000000 0.529535 0.735810
0.593312 -0.031094 -0.000000 0.544059 0.735966
0.627134 -0.000000 -0.000000 0.529421 0.716953
0.593312 -0.031094 -0.000000 0.544059 0.735966
0.626274 -0.032822 -0.000000 0.544301 0.717112
0.627134 -0.000000 -0.000000 0.529421 0.716953
0.627134 -0.000000 -0.000000 0.529421 0.716953
0.626274 -0.032822 -0.000000 0.544301 0.717112
0.641120 -0.000000 0.009714 0.529408 0.705000
0.626274 -0.032822 -0.000000 0.544301 0.717112
0.640242 -0.033554 0.009714 0.544564 0.705160
0.641120 -0.000000 0.009714 0.529408 0.705000
0.641120 -0.000000 0.009714 0.529408 0.705000
0.640242 -0.033554 0.009714 0.544564 0.705160
0.664044 -0.000000 0.026099 0.529379 0.685259
0.640242 -0.033554 0.009714 0.544564 0.705160
0.663134 -0.034753 0.026099 0.544977 0.685421
0.664044 -0.000000 0.026099 0.529379 0.685259
0.664044 -0.000000 0.026099 0.529379 0.685259
0.663134 -0.034753 0.026099 0.544977 0.685421
0.692248 -0.000000 0.047048 0.529330 0.660742
0.663134 -0.034753 0.026099 0.544977 0.685421
0.691300 -0.036229 0.047048 0.545455 0.660904
0.692248 -0.000000 0.047048 0.529330 0.660742
0.692248 -0.000000 0.047048 0.529330 0.660742
0.691300 -0.036229 0.047048 0.545455 0.660904
0.724541 -0.000000 0.072104 0.529255 0.632409
0.691300 -0.036229 0.047048 0.545455 0.660904
0.723548 -0.037920 0.072104 0.545958 0.632573
0.724541 -0.000000 0.072104 0.529255 0.632409
0.724541 -0.000000 0.072104 0.529255 0.632409
0.723548 -0.037920 0.072104 0.545958 0.632573
0.760261 -0.000000 0.101149 0.529146 0.600828
0.723548 -0.037920 0.072104 0.545958 0.632573
0.759219 -0.039789 0.101149 0.546458 0.600994
0.760261 -0.000000 0.101149 0.529146 0.600828
0.760261 -0.000000 0.101149 0.529146 0.600828
0.759219 -0.039789 0.101149 0.546458 0.600994
0.798972 -0.000000 0.134205 0.529000 0.566439
0.759219 -0.039789 0.101149 0.546458 0.600994
0.797877 -0.041815 0.134205 0.546927 0.566608
0.798972 -0.000000 0.134205 0.529000 0.566439
0.798972 -0.000000 0.134205 0.529000 0.566439
0.797877 -0.041815 0.134205 0.546927 0.566608
0.840362 -0.000000 0.171363 0.528808 0.529655
0.797877 -0.041815 0.134205 0.546927 0.566608
0.839211 -0.043981 0.171363 0.547342 0.529827
0.840362 -0.000000 0.171363 0.528808 0.529655
0.840362 -0.000000 0.171363 0.528808 0.529655
0.839211 -0.043981 0.171363 0.547342 0.529827
0.884194 -0.000000 0.212759 0.528569 0.490911
0.839211 -0.043981 0.171363 0.547342 0.529827
0.882982 -0.046275 0.212759 0.547681 0.491084
0.884194 -0.000000 0.212759 0.528569 0.490911
0.884194 -0.000000 0.212759 0.528569 0.490911
0.882982 -0.046275 0.212759 0.547681 0.491084
0.930277 -0.000000 0.258551 0.528278 0.450670
0.882982 -0.046275 0.212759 0.547681 0.491084
0.929002 -0.048687 0.258551 0.547926 0.450842
0.930277 -0.000000 0.258551 0.528278 0.450670
0.930277 -0.000000 0.258551 0.528278 0.450670
0.929002 -0.048687 0.258551 0.547926 0.450842
0.978458 -0.000000 0.308915 0.527936 0.409427
0.929002 -0.048687 0.258551 0.547926 0.450842
0.977117 -0.051209 0.308915 0.548063 0.409594
0.978458 -0.000000 0.308915 0.527936 0.409427
0.978458 -0.000000 0.308915 0.527936 0.409427
0.977117 -0.051209 0.308915 0.548063 0.409594
1.028608 -0.000000 0.364038 0.527544 0.367688
0.977117 -0.051209 0.308915 0.548063 0.409594
1.027199 -0.053833 0.364038 0.548086 0.367846
1.028608 -0.000000 0.364038 0.527544 0.367688
1.028608 -0.000000 0.364038 0.527544 0.367688
1.027199 -0.053833 0.364038 0.548086 0.367846
1.080618 -0.000000 0.424114 0.527106 0.325942
1.027199 -0.053833 0.364038 0.548086 0.367846
1.079137 -0.056555 0.424114 0.547991 0.326085
1.080618 -0.000000 0.424114 0.527106 0.325942
1.080618 -0.000000 0.424114 0.527106 0.325942
1.079137 -0.056555 0.424114 0.547991 0.326085
1.134392 -0.000000 0.489343 0.526627 0.284646
1.079137 -0.056555 0.424114 0.547991 0.326085
1.132837 -0.059369 0.489343 0.547781 0.284768
1.134392 -0.000000 0.489343 0.526627 0.284646
1.134392 -0.000000 0.489343 0.526627 0.284646
1.132837 -0.059369 0.489343 0.547781 0.284768
1.189848 -0.000000 0.559930 0.526113 0.244210
1.132837 -0.059369 0.489343 0.547781 0.284768
1.188217 -0.062272 0.559930 0.547460 0.244308
1.189848 -0.000000 0.559930 0.526113 0.244210
1.189848 -0.000000 0.559930 0.526113 0.244210
1.188217 -0.062272 0.559930 0.547460 0.244308
1.246912 -0.000000 0.636080 0.525572 0.204986
0.494427 0.025912 -0.000000 0.516592 0.798624
0.495106 -0.000000 -0.000000 0.529836 0.798144
0.527389 0.027639 -0.000000 0.516029 0.776889
0.495106 -0.000000 -0.000000 0.529836 0.798144
0.528113 -0.000000 -0.000000 0.529744 0.776396
0.527389 0.027639 -0.000000 0.516029 0.776889
0.527389 0.027639 -0.000000 0.516029 0.776889
0.528113 -0.000000 -0.000000 0.529744 0.776396
0.560351 0.029367 -0.000000 0.515498 0.756124
0.528113 -0.000000 -0.000000 0.529744 0.776396
0.561120 -0.000000 -0.000000 0.529643 0.755619
0.560351 0.029367 -0.000000 0.515498 0.756124
0.560351 0.029367 -0.000000 0.515498 0.756124
0.561120 -0.000000 -0.000000 0.529643 0.755619
0.593312 0.031094 -0.000000 0.514999 0.736324
0.561120 -0.000000 -0.000000 0.529643 0.755619
0.594127 -0.000000 -0.000000 0.529535 0.735810
0.593312 0.031094 -0.000000 0.514999 0.736324
0.593312 0.031094 -0.000000 0.514999 0.736324
0.594127 -0.000000 -0.000000 0.529535 0.735810
0.626274 0.032822 -0.000000 0.514528 0.717476
0.594127 -0.000000 -0.000000 0.529535 0.735810
0.627134 -0.000000 -0.000000 0.529421 0.716953
0.626274 0.032822 -0.000000 0.514528 0.717476
0.626274 0.032822 -0.000000 0.514528 0.717476
0.627134 -0.000000 -0.000000 0.529421 0.716953
0.640242 0.033554 0.009714 0.514240 0.705531
0.627134 -0.000000 -0.000000 0.529421 0.716953
0.641120 -0.000000 0.009714 0.529408 0.705000
0.640242 0.033554 0.009714 0.514240 0.705531
0.640242 0.033554 0.009714 0.514240 0.705531
0.641120 -0.000000 0.009714 0.529408 0.705000
0.663134 0.034753 0.026099 0.513769 0.685803
0.641120 -0.000000 0.009714 0.529408 0.705000
0.664044 -0.000000 0.026099 0.529379 0.685259
0.663134 0.034753 0.026099 0.513769 0.685803
0.663134 0.034753 0.026099 0.513769 0.685803
0.664044 -0.000000 0.026099 0.529379 0.685259
0.691300 0.036229 0.047048 0.513192 0.661300
0.664044 -0.000000 0.026099 0.529379 0.685259
0.692248 -0.000000 0.047048 0.529330 0.660742
0.691300 0.036229 0.047048 0.513192 0.661300
0.691300 0.036229 0.047048 0.513192 0.661300
0.692248 -0.000000 0.047048 0.529330 0.660742
0.723548 0.037920 0.072104 0.512536 0.632983
0.692248 -0.000000 0.047048 0.529330 0.660742
0.724541 -0.000000 0.072104 0.529255 0.632409
0.723548 0.037920 0.072104 0.512536 0.632983
0.723548 0.037920 0.072104 0.512536 0.632983
0.724541 -0.000000 0.072104 0.529255 0.632409
0.759219 0.039789 0.101149 0.511819 0.601418
0.724541 -0.000000 0.072104 0.529255 0.632409
0.760261 -0.000000 0.101149 0.529146 0.600828
0.759219 0.039789 0.101149 0.511819 0.601418
0.759219 0.039789 0.101149 0.511819 0.601418
0.760261 -0.000000 0.101149 0.529146 0.600828
0.797877 0.041815 0.134205 0.511055 0.567043
0.760261 -0.000000 0.101149 0.529146 0.600828
0.798972 -0.000000 0.134205 0.529000 0.566439
0.797877 0.041815 0.134205 0.511055 0.567043
0.797877 0.041815 0.134205 0.511055 0.567043
0.798972 -0.000000 0.134205 0.529000 0.566439
0.839211 0.043981 0.171363 0.510258 0.530273
0.798972 -0.000000 0.134205 0.529000 0.566439
0.840362 -0.000000 0.171363 0.528808 0.529655
0.839211 0.043981 0.171363 0.510258 0.530273
0.839211 0.043981 0.171363 0.510258 0.530273
0.840362 -0.000000 0.171363 0.528808 0.529655
0.882982 0.046275 0.212759 0.509440 0.491541
0.840362 -0.000000 0.171363 0.528808 0.529655
0.884194 -0.000000 0.212759 0.528569 0.490911
0.882982 0.046275 0.212759 0.509440 0.491541
0.882982 0.046275 0.212759 0.509440 0.491541
0.884194 -0.000000 0.212759 0.528569 0.490911
0.929002 0.048687 0.258551 0.508614 0.451311
0.884194 -0.000000 0.212759 0.528569 0.490911
0.930277 -0.000000 0.258551 0.528278 0.450670
0.929002 0.048687 0.258551 0.508614 0.451311
0.929002 0.048687 0.258551 0.508614 0.451311
0.930277 -0.000000 0.258551 0.528278 0.450670
0.977117 0.051209 0.308915 0.507792 0.410076
0.930277 -0.000000 0.258551 0.528278 0.450670
0.978458 -0.000000 0.308915 0.527936 0.409427
0.977117 0.051209 0.308915 0.507792 0.410076
0.977117 0.051209 0.308915 0.507792 0.410076
0.978458 -0.000000 0.308915 0.527936 0.409427
1.027199 0.053833 0.364038 0.506987 0.368344
0.978458 -0.000000 0.308915 0.527936 0.409427
1.028608 -0.000000 0.364038 0.527544 0.367688
1.027199 0.053833 0.364038 0.506987 0.368344
1.027199 0.053833 0.364038 0.506987 0.368344
1.028608 -0.000000 0.364038 0.527544 0.367688
1.079137 0.056555 0.424114 0.506206 0.326605
1.028608 -0.000000 0.364038 0.527544 0.367688
1.080618 -0.000000 0.424114 0.527106 0.325942
1.079137 0.056555 0.424114 0.506206 0.326605
1.079137 0.056555 0.424114 0.506206 0.326605
1.080618 -0.000000 0.424114 0.527106 0.325942
1.132837 0.059369 0.489343 0.505460 0.285314
1.080618 -0.000000 0.424114 0.527106 0.325942
1.134392 -0.000000 0.489343 0.526627 0.284646
1.132837 0.059369 0.489343 0.505460 0.285314
1.132837 0.059369 0.489343 0.505460 0.285314
1.134392 -0.000000 0.489343 0.526627 0.284646
1.188217 0.062272 0.559930 0.504755 0.244881
1.134392 -0.000000 0.489343 0.526627 0.284646
1.189848 -0.000000 0.559930 0.526113 0.244210
1.188217 0.062272 0.559930 0.504755 0.244881
0.492393 0.051753 -0.000000 0.503364 0.799726
0.494427 0.025912 -0.000000 0.516592 0.798624
0.525220 0.055203 -0.000000 0.502331 0.778022
0.494427 0.025912 -0.000000 0.516592 0.798624
0.527389 0.027639 -0.000000 0.516029 0.776889
0.525220 0.055203 -0.000000 0.502331 0.778022
0.525220 0.055203 -0.000000 0.502331 0.778022
0.527389 0.027639 -0.000000 0.516029 0.776889
0.558046 0.058653 -0.000000 0.501371 0.757284
0.527389 0.027639 -0.000000 0.516029 0.776889
0.560351 0.029367 -0.000000 0.515498 0.756124
0.558046 0.058653 -0.000000 0.501371 0.757284
0.558046 0.058653 -0.000000 0.501371 0.757284
0.560351 0.029367 -0.000000 0.515498 0.756124
0.590872 0.062103 -0.000000 0.500479 0.737509
0.560351 0.029367 -0.000000 0.515498 0.756124
0.593312 0.031094 -0.000000 0.514999 0.736324
0.590872 0.062103 -0.000000 0.500479 0.737509
0.590872 0.062103 -0.000000 0.500479 0.737509
0.593312 0.031094 -0.000000 0.514999 0.736324
0.623698 0.065553 -0.000000 0.499653 0.718681
0.593312 0.031094 -0.000000 0.514999 0.736324
0.626274 0.032822 -0.000000 0.514528 0.717476
0.623698 0.065553 -0.000000 0.499653 0.718681
0.623698 0.065553 -0.000000 0.499653 0.718681
0.626274 0.032822 -0.000000 0.514528 0.717476
0.637608 0.067015 0.009714 0.499089 0.706754
0.626274 0.032822 -0.000000 0.514528 0.717476
0.640242 0.033554 0.009714 0.514240 0.705531
0.637608 0.067015 0.009714 0.499089 0.706754
0.637608 0.067015 0.009714 0.499089 0.706754
0.640242 0.033554 0.009714 0.514240 0.705531
0.660407 0.069412 0.026099 0.498176 0.687052
0.640242 0.033554 0.009714 0.514240 0.705531
0.663134 0.034753 0.026099 0.513769 0.685803
0.660407 0.069412 0.026099 0.498176 0.687052
0.660407 0.069412 0.026099 0.498176 0.687052
0.663134 0.034753 0.026099 0.513769 0.685803
0.688456 0.072360 0.047048 0.497071 0.662579
0.663134 0.034753 0.026099 0.513769 0.685803
0.691300 0.036229 0.047048 0.513192 0.661300
0.688456 0.072360 0.047048 0.497071 0.662579
0.688456 0.072360 0.047048 0.497071 0.662579
0.691300 0.036229 0.047048 0.513192 0.661300
0.720572 0.075735 0.072104 0.495835 0.634294
0.691300 0.036229 0.047048 0.513192 0.661300
0.723548 0.037920 0.072104 0.512536 0.632983
0.720572 0.075735 0.072104 0.495835 0.634294
0.720572 0.075735 0.072104 0.495835 0.634294
0.723548 0.037920 0.072104 0.512536 0.632983
0.756096 0.079469 0.101149 0.494510 0.602762
0.723548 0.037920 0.072104 0.512536 0.632983
0.759219 0.039789 0.101149 0.511819 0.601418
0.756096 0.079469 0.101149 0.494510 0.602762
0.756096 0.079469 0.101149 0.494510 0.602762
0.759219 0.039789 0.101149 0.511819 0.601418
0.794595 0.083515 0.134205 0.493130 0.568419
0.759219 0.039789 0.101149 0.511819 0.601418
0.797877 0.041815 0.134205 0.511055 0.567043
0.794595 0.083515 0.134205 0.493130 0.568419
0.794595 0.083515 0.134205 0.493130 0.568419
0.797877 0.041815 0.134205 0.511055 0.567043
0.835759 0.087842 0.171363 0.491727 0.531679
0.797877 0.041815 0.134205 0.511055 0.567043
0.839211 0.043981 0.171363 0.510258 0.530273
0.835759 0.087842 0.171363 0.491727 0.531679
0.835759 0.087842 0.171363 0.491727 0.531679
0.839211 0.043981 0.171363 0.510258 0.530273
0.879350 0.092423 0.212759 0.490330 0.492973
0.839211 0.043981 0.171363 0.510258 0.530273
0.882982 0.046275 0.212759 0.509440 0.491541
0.879350 0.092423 0.212759 0.490330 0.492973
0.879350 0.092423 0.212759 0.490330 0.492973
0.882982 0.046275 0.212759 0.509440 0.491541
0.925181 0.097240 0.258551 0.488968 0.452762
0.882982 0.046275 0.212759 0.509440 0.491541
0.929002 0.048687 0.258551 0.508614 0.451311
0.925181 0.097240 0.258551 0.488968 0.452762
0.925181 0.097240 0.258551 0.488968 0.452762
0.929002 0.048687 0.258551 0.508614 0.451311
0.973098 0.102277 0.308915 0.487667 0.411541
0.929002 0.048687 0.258551 0.508614 0.451311
0.977117 0.051209 0.308915 0.507792 0.410076
0.973098 0.102277 0.308915 0.487667 0.411541
0.973098 0.102277 0.308915 0.487667 0.411541
0.977117 0.051209 0.308915 0.507792 0.410076
1.022974 0.107519 0.364038 0.486447 0.369815
0.977117 0.051209 0.308915 0.507792 0.410076
1.027199 0.053833 0.364038 0.506987 0.368344
1.022974 0.107519 0.364038 0.486447 0.369815
1.022974 0.107519 0.364038 0.486447 0.369815
1.027199 0.053833 0.364038 0.506987 0.368344
1.074698 0.112955 0.424114 0.485324 0.328072
1.027199 0.053833 0.364038 0.506987 0.368344
1.079137 0.056555 0.424114 0.506206 0.326605
1.074698 0.112955 0.424114 0.485324 0.328072
1.074698 0.112955 0.424114 0.485324 0.328072
1.079137 0.056555 0.424114 0.506206 0.326605
1.128178 0.118576 0.489343 0.484309 0.286770
1.079137 0.056555 0.424114 0.506206 0.326605
1.132837 0.059369 0.489343 0.505460 0.285314
1.128178 0.118576 0.489343 0.484309 0.286770
1.128178 0.118576 0.489343 0.484309 0.286770
1.132837 0.059369 0.489343 0.505460 0.285314
1.183330 0.124373 0.559930 0.483411 0.246320
1.132837 0.059369 0.489343 0.505460 0.285314
1.188217 0.062272 0.559930 0.504755 0.244881
1.183330 0.124373 0.559930 0.483411 0.246320
0.492393 0.051753 -0.000000 0.503364 0.799726
0.525220 0.055203 -0.000000 0.502331 0.778022
0.521611 0.082615 -0.000000 0.488677 0.779795
0.521611 0.082615 -0.000000 0.488677 0.779795
0.525220 0.055203 -0.000000 0.502331 0.778022
0.554211 0.087778 -0.000000 0.487288 0.759100
0.525220 0.055203 -0.000000 0.502331 0.778022
0.558046 0.058653 -0.000000 0.501371 0.757284
0.554211 0.087778 -0.000000 0.487288 0.759100
0.554211 0.087778 -0.000000 0.487288 0.759100
0.558046 0.058653 -0.000000 0.501371 0.757284
0.586812 0.092942 -0.000000 0.486006 0.739362
0.558046 0.058653 -0.000000 0.501371 0.757284
0.590872 0.062103 -0.000000 0.500479 0.737509
0.586812 0.092942 -0.000000 0.486006 0.739362
0.586812 0.092942 -0.000000 0.486006 0.739362
0.590872 0.062103 -0.000000 0.500479 0.737509
0.619413 0.098105 -0.000000 0.484824 0.720568
0.590872 0.062103 -0.000000 0.500479 0.737509
0.623698 0.065553 -0.000000 0.499653 0.718681
0.619413 0.098105 -0.000000 0.484824 0.720568
0.619413 0.098105 -0.000000 0.484824 0.720568
0.623698 0.065553 -0.000000 0.499653 0.718681
0.633227 0.100293 0.009714 0.483985 0.708666
0.623698 0.065553 -0.000000 0.499653 0.718681
0.637608 0.067015 0.009714 0.499089 0.706754
0.633227 0.100293 0.009714 0.483985 0.708666
0.633227 0.100293 0.009714 0.483985 0.708666
0.637608 0.067015 0.009714 0.499089 0.706754
0.655869 0.103879 0.026099 0.482631 0.689004
0.637608 0.067015 0.009714 0.499089 0.706754
0.660407 0.069412 0.026099 0.498176 0.687052
0.655869 0.103879 0.026099 0.482631 0.689004
0.655869 0.103879 0.026099 0.482631 0.689004
0.660407 0.069412 0.026099 0.498176 0.687052
0.683726 0.108291 0.047048 0.480999 0.664577
0.660407 0.069412 0.026099 0.498176 0.687052
0.688456 0.072360 0.047048 0.497071 0.662579
0.683726 0.108291 0.047048 0.480999 0.664577
0.683726 0.108291 0.047048 0.480999 0.664577
0.688456 0.072360 0.047048 0.497071 0.662579
0.715621 0.113343 0.072104 0.479185 0.636342
0.688456 0.072360 0.047048 0.497071 0.662579
0.720572 0.075735 0.072104 0.495835 0.634294
0.715621 0.113343 0.072104 0.479185 0.636342
0.715621 0.113343 0.072104 0.479185 0.636342
0.720572 0.075735 0.072104 0.495835 0.634294
0.750901 0.118931 0.101149 0.477253 0.604860
0.720572 0.075735 0.072104 0.495835 0.634294
0.756096 0.079469 0.101149 0.494510 0.602762
0.750901 0.118931 0.101149 0.477253 0.604860
0.750901 0.118931 0.101149 0.477253 0.604860
0.756096 0.079469 0.101149 0.494510 0.602762
0.789135 0.124987 0.134205 0.475257 0.570567
0.756096 0.079469 0.101149 0.494510 0.602762
0.794595 0.083515 0.134205 0.493130 0.568419
0.789135 0.124987 0.134205 0.475257 0.570567
0.789135 0.124987 0.134205 0.475257 0.570567
0.794595 0.083515 0.134205 0.493130 0.568419
0.830016 0.131462 0.171363 0.473248 0.533873
0.794595 0.083515 0.134205 0.493130 0.568419
0.835759 0.087842 0.171363 0.491727 0.531679
0.830016 0.131462 0.171363 0.473248 0.533873
0.830016 0.131462 0.171363 0.473248 0.533873
0.835759 0.087842 0.171363 0.491727 0.531679
0.873308 0.138318 0.212759 0.471273 0.495205
0.835759 0.087842 0.171363 0.491727 0.531679
0.879350 0.092423 0.212759 0.490330 0.492973
0.873308 0.138318 0.212759 0.471273 0.495205
0.873308 0.138318 0.212759 0.471273 0.495205
0.879350 0.092423 0.212759 0.490330 0.492973
0.918824 0.145527 0.258551 0.469375 0.455023
0.879350 0.092423 0.212759 0.490330 0.492973
0.925181 0.097240 0.258551 0.488968 0.452762
0.918824 0.145527 0.258551 0.469375 0.455023
0.918824 0.145527 0.258551 0.469375 0.455023
0.925181 0.097240 0.258551 0.488968 0.452762
0.966412 0.153065 0.308915 0.467593 0.413820
0.925181 0.097240 0.258551 0.488968 0.452762
0.973098 0.102277 0.308915 0.487667 0.411541
0.966412 0.153065 0.308915 0.467593 0.413820
0.966412 0.153065 0.308915 0.467593 0.413820
0.973098 0.102277 0.308915 0.487667 0.411541
1.015945 0.160910 0.364038 0.465956 0.372097
0.973098 0.102277 0.308915 0.487667 0.411541
1.022974 0.107519 0.364038 0.486447 0.369815
1.015945 0.160910 0.364038 0.465956 0.372097
1.015945 0.160910 0.364038 0.465956 0.372097
1.022974 0.107519 0.364038 0.486447 0.369815
1.067314 0.169046 0.424114 0.464487 0.330342
1.022974 0.107519 0.364038 0.486447 0.369815
1.074698 0.112955 0.424114 0.485324 0.328072
1.067314 0.169046 0.424114 0.464487 0.330342
1.067314 0.169046 0.424114 0.464487 0.330342
1.074698 0.112955 0.424114 0.485324 0.328072
1.120426 0.177458 0.489343 0.463202 0.289014
1.074698 0.112955 0.424114 0.485324 0.328072
1.128178 0.118576 0.489343 0.484309 0.286770
1.120426 0.177458 0.489343 0.463202 0.289014
1.120426 0.177458 0.489343 0.463202 0.289014
1.128178 0.118576 0.489343 0.484309 0.286770
1.175199 0.186133 0.559930 0.462108 0.248527
1.128178 0.118576 0.489343 0.484309 0.286770
1.183330 0.124373 0.559930 0.483411 0.246320
1.175199 0.186133 0.559930 0.462108 0.248527
0.516572 0.109801 -0.000000 0.475095 0.782205
0.521611 0.082615 -0.000000 0.488677 0.779795
0.548858 0.116663 -0.000000 0.473279 0.761569
0.521611 0.082615 -0.000000 0.488677 0.779795
0.554211 0.087778 -0.000000 0.487288 0.759100
0.548858 0.116663 -0.000000 0.473279 0.761569
0.548858 0.116663 -0.000000 0.473279 0.761569
0.554211 0.087778 -0.000000 0.487288 0.759100
0.581144 0.123526 -0.000000 0.471607 0.741883
0.554211 0.087778 -0.000000 0.487288 0.759100
0.586812 0.092942 -0.000000 0.486006 0.739362
0.581144 0.123526 -0.000000 0.471607 0.741883
0.581144 0.123526 -0.000000 0.471607 0.741883
0.586812 0.092942 -0.000000 0.486006 0.739362
0.613429 0.130388 -0.000000 0.470070 0.723135
0.586812 0.092942 -0.000000 0.486006 0.739362
0.619413 0.098105 -0.000000 0.484824 0.720568
0.613429 0.130388 -0.000000 0.470070 0.723135
0.613429 0.130388 -0.000000 0.470070 0.723135
0.619413 0.098105 -0.000000 0.484824 0.720568
0.627110 0.133296 0.009714 0.468958 0.711267
0.619413 0.098105 -0.000000 0.484824 0.720568
0.633227 0.100293 0.009714 0.483985 0.708666
0.627110 0.133296 0.009714 0.468958 0.711267
0.627110 0.133296 0.009714 0.468958 0.711267
0.633227 0.100293 0.009714 0.483985 0.708666
0.649533 0.138063 0.026099 0.467163 0.691659
0.633227 0.100293 0.009714 0.483985 0.708666
0.655869 0.103879 0.026099 0.482631 0.689004
0.649533 0.138063 0.026099 0.467163 0.691659
0.649533 0.138063 0.026099 0.467163 0.691659
0.655869 0.103879 0.026099 0.482631 0.689004
0.677121 0.143927 0.047048 0.465008 0.667295
0.655869 0.103879 0.026099 0.482631 0.689004
0.683726 0.108291 0.047048 0.480999 0.664577
0.677121 0.143927 0.047048 0.465008 0.667295
0.677121 0.143927 0.047048 0.465008 0.667295
0.683726 0.108291 0.047048 0.480999 0.664577
0.708708 0.150641 0.072104 0.462618 0.639126
0.683726 0.108291 0.047048 0.480999 0.664577
0.715621 0.113343 0.072104 0.479185 0.636342
0.708708 0.150641 0.072104 0.462618 0.639126
0.708708 0.150641 0.072104 0.462618 0.639126
0.715621 0.113343 0.072104 0.479185 0.636342
0.743647 0.158067 0.101149 0.460081 0.607711
0.715621 0.113343 0.072104 0.479185 0.636342
0.750901 0.118931 0.101149 0.477253 0.604860
0.743647 0.158067 0.101149 0.460081 0.607711
0.743647 0.158067 0.101149 0.460081 0.607711
0.750901 0.118931 0.101149 0.477253 0.604860
0.781513 0.166116 0.134205 0.457472 0.573484
0.750901 0.118931 0.101149 0.477253 0.604860
0.789135 0.124987 0.134205 0.475257 0.570567
0.781513 0.166116 0.134205 0.457472 0.573484
0.781513 0.166116 0.134205 0.457472 0.573484
0.789135 0.124987 0.134205 0.475257 0.570567
0.821998 0.174721 0.171363 0.454858 0.536851
0.789135 0.124987 0.134205 0.475257 0.570567
0.830016 0.131462 0.171363 0.473248 0.533873
0.821998 0.174721 0.171363 0.454858 0.536851
0.821998 0.174721 0.171363 0.454858 0.536851
0.830016 0.131462 0.171363 0.473248 0.533873
0.864872 0.183834 0.212759 0.452305 0.498234
0.830016 0.131462 0.171363 0.473248 0.533873
0.873308 0.138318 0.212759 0.471273 0.495205
0.864872 0.183834 0.212759 0.452305 0.498234
0.864872 0.183834 0.212759 0.452305 0.498234
0.873308 0.138318 0.212759 0.471273 0.495205
0.909948 0.193415 0.258551 0.449870 0.458092
0.873308 0.138318 0.212759 0.471273 0.495205
0.918824 0.145527 0.258551 0.469375 0.455023
0.909948 0.193415 0.258551 0.449870 0.458092
0.909948 0.193415 0.258551 0.449870 0.458092
0.918824 0.145527 0.258551 0.469375 0.455023
0.957077 0.203433 0.308915 0.447604 0.416910
0.918824 0.145527 0.258551 0.469375 0.455023
0.966412 0.153065 0.308915 0.467593 0.413820
0.957077 0.203433 0.308915 0.447604 0.416910
0.957077 0.203433 0.308915 0.447604 0.416910
0.966412 0.153065 0.308915 0.467593 0.413820
1.006131 0.213860 0.364038 0.445547 0.375187
0.966412 0.153065 0.308915 0.467593 0.413820
1.015945 0.160910 0.364038 0.465956 0.372097
1.006131 0.213860 0.364038 0.445547 0.375187
1.006131 0.213860 0.364038 0.445547 0.375187
1.015945 0.160910 0.364038 0.465956 0.372097
1.057004 0.224673 0.424114 0.443727 0.333411
1.015945 0.160910 0.364038 0.465956 0.372097
1.067314 0.169046 0.424114 0.464487 0.330342
1.057004 0.224673 0.424114 0.443727 0.333411
1.057004 0.224673 0.424114 0.443727 0.333411
1.067314 0.169046 0.424114 0.464487 0.330342
1.109603 0.235853 0.489343 0.442166 0.292043
1.067314 0.169046 0.424114 0.464487 0.330342
1.120426 0.177458 0.489343 0.463202 0.289014
1.109603 0.235853 0.489343 0.442166 0.292043
1.109603 0.235853 0.489343 0.442166 0.292043
1.120426 0.177458 0.489343 0.463202 0.289014
1.163847 0.247383 0.559930 0.440871 0.251499
1.120426 0.177458 0.489343 0.463202 0.289014
1.175199 0.186133 0.559930 0.462108 0.248527
1.163847 0.247383 0.559930 0.440871 0.251499
0.516572 0.109801 -0.000000 0.475095 0.782205
0.548858 0.116663 -0.000000 0.473279 0.761569
0.542000 0.145228 -0.000000 0.459371 0.764690
0.542000 0.145228 -0.000000 0.459371 0.764690
0.548858 0.116663 -0.000000 0.473279 0.761569
0.573882 0.153771 -0.000000 0.457311 0.745071
0.548858 0.116663 -0.000000 0.473279 0.761569
0.581144 0.123526 -0.000000 0.471607 0.741883
0.573882 0.153771 -0.000000 0.457311 0.745071
0.573882 0.153771 -0.000000 0.457311 0.745071
0.581144 0.123526 -0.000000 0.471607 0.741883
0.605765 0.162314 -0.000000 0.455419 0.726380
0.581144 0.123526 -0.000000 0.471607 0.741883
0.613429 0.130388 -0.000000 0.470070 0.723135
0.605765 0.162314 -0.000000 0.455419 0.726380
0.605765 0.162314 -0.000000 0.455419 0.726380
0.613429 0.130388 -0.000000 0.470070 0.723135
0.619275 0.165934 0.009714 0.454035 0.714555
0.613429 0.130388 -0.000000 0.470070 0.723135
0.627110 0.133296 0.009714 0.468958 0.711267
0.619275 0.165934 0.009714 0.454035 0.714555
0.619275 0.165934 0.009714 0.454035 0.714555
0.627110 0.133296 0.009714 0.468958 0.711267
0.641417 0.171867 0.026099 0.451804 0.695015
0.627110 0.133296 0.009714 0.468958 0.711267
0.649533 0.138063 0.026099 0.467163 0.691659
0.641417 0.171867 0.026099 0.451804 0.695015
0.641417 0.171867 0.026099 0.451804 0.695015
0.649533 0.138063 0.026099 0.467163 0.691659
0.668660 0.179167 0.047048 0.449127 0.670730
0.649533 0.138063 0.026099 0.467163 0.691659
0.677121 0.143927 0.047048 0.465008 0.667295
0.668660 0.179167 0.047048 0.449127 0.670730
0.668660 0.179167 0.047048 0.449127 0.670730
0.677121 0.143927 0.047048 0.465008 0.667295
0.699853 0.187525 0.072104 0.446164 0.642645
0.677121 0.143927 0.047048 0.465008 0.667295
0.708708 0.150641 0.072104 0.462618 0.639126
0.699853 0.187525 0.072104 0.446164 0.642645
0.699853 0.187525 0.072104 0.446164 0.642645
0.708708 0.150641 0.072104 0.462618 0.639126
0.734356 0.196770 0.101149 0.443025 0.611314
0.708708 0.150641 0.072104 0.462618 0.639126
0.743647 0.158067 0.101149 0.460081 0.607711
0.734356 0.196770 0.101149 0.443025 0.611314
0.734356 0.196770 0.101149 0.443025 0.611314
0.743647 0.158067 0.101149 0.460081 0.607711
0.771748 0.206789 0.134205 0.439805 0.577169
0.743647 0.158067 0.101149 0.460081 0.607711
0.781513 0.166116 0.134205 0.457472 0.573484
0.771748 0.206789 0.134205 0.439805 0.577169
0.771748 0.206789 0.134205 0.439805 0.577169
0.781513 0.166116 0.134205 0.457472 0.573484
0.811728 0.217502 0.171363 0.436589 0.540611
0.781513 0.166116 0.134205 0.457472 0.573484
0.821998 0.174721 0.171363 0.454858 0.536851
0.811728 0.217502 0.171363 0.436589 0.540611
0.811728 0.217502 0.171363 0.436589 0.540611
0.821998 0.174721 0.171363 0.454858 0.536851
0.854065 0.228846 0.212759 0.433458 0.502059
0.821998 0.174721 0.171363 0.454858 0.536851
0.864872 0.183834 0.212759 0.452305 0.498234
0.854065 0.228846 0.212759 0.433458 0.502059
0.854065 0.228846 0.212759 0.433458 0.502059
0.864872 0.183834 0.212759 0.452305 0.498234
0.898579 0.240773 0.258551 0.430484 0.461963
0.864872 0.183834 0.212759 0.452305 0.498234
0.909948 0.193415 0.258551 0.449870 0.458092
0.898579 0.240773 0.258551 0.430484 0.461963
0.898579 0.240773 0.258551 0.430484 0.461963
0.909948 0.193415 0.258551 0.449870 0.458092
0.945118 0.253244 0.308915 0.427730 0.420805
0.909948 0.193415 0.258551 0.449870 0.458092
0.957077 0.203433 0.308915 0.447604 0.416910
0.945118 0.253244 0.308915 0.427730 0.420805
0.945118 0.253244 0.308915 0.427730 0.420805
0.957077 0.203433 0.308915 0.447604 0.416910
0.993559 0.266223 0.364038 0.425247 0.379080
0.957077 0.203433 0.308915 0.447604 0.416910
1.006131 0.213860 0.364038 0.445547 0.375187
0.993559 0.266223 0.364038 0.425247 0.379080
0.993559 0.266223 0.364038 0.425247 0.379080
1.006131 0.213860 0.364038 0.445547 0.375187
1.043797 0.279685 0.424114 0.423071 0.337275
1.006131 0.213860 0.364038 0.445547 0.375187
1.057004 0.224673 0.424114 0.443727 0.333411
1.043797 0.279685 0.424114 0.423071 0.337275
1.043797 0.279685 0.424114 0.423071 0.337275
1.057004 0.224673 0.424114 0.443727 0.333411
1.095739 0.293602 0.489343 0.421227 0.295854
1.057004 0.224673 0.424114 0.443727 0.333411
1.109603 0.235853 0.489343 0.442166 0.292043
1.095739 0.293602 0.489343 0.421227 0.295854
0.542000 0.145228 -0.000000 0.459371 0.764690
0.573882 0.153771 -0.000000 0.457311 0.745071
0.565048 0.183595 -0.000000 0.443146 0.748923
0.565048 0.183595 -0.000000 0.443146 0.748923
0.573882 0.153771 -0.000000 0.457311 0.745071
0.596440 0.193795 -0.000000 0.440901 0.730303
0.573882 0.153771 -0.000000 0.457311 0.745071
0.605765 0.162314 -0.000000 0.455419 0.726380
0.596440 0.193795 -0.000000 0.440901 0.730303
0.596440 0.193795 -0.000000 0.440901 0.730303
0.605765 0.162314 -0.000000 0.455419 0.726380
0.609742 0.198117 0.009714 0.439246 0.718531
0.605765 0.162314 -0.000000 0.455419 0.726380
0.619275 0.165934 0.009714 0.454035 0.714555
0.609742 0.198117 0.009714 0.439246 0.718531
0.609742 0.198117 0.009714 0.439246 0.718531
0.619275 0.165934 0.009714 0.454035 0.714555
0.631544 0.205201 0.026099 0.436580 0.699073
0.619275 0.165934 0.009714 0.454035 0.714555
0.641417 0.171867 0.026099 0.451804 0.695015
0.631544 0.205201 0.026099 0.436580 0.699073
0.631544 0.205201 0.026099 0.436580 0.699073
0.641417 0.171867 0.026099 0.451804 0.695015
0.658367 0.213916 0.047048 0.433385 0.674883
0.641417 0.171867 0.026099 0.451804 0.695015
0.668660 0.179167 0.047048 0.449127 0.670730
0.658367 0.213916 0.047048 0.433385 0.674883
0.658367 0.213916 0.047048 0.433385 0.674883
0.668660 0.179167 0.047048 0.449127 0.670730
0.689080 0.223896 0.072104 0.429852 0.646898
0.668660 0.179167 0.047048 0.449127 0.670730
0.699853 0.187525 0.072104 0.446164 0.642645
0.689080 0.223896 0.072104 0.429852 0.646898
0.689080 0.223896 0.072104 0.429852 0.646898
0.699853 0.187525 0.072104 0.446164 0.642645
0.723051 0.234934 0.101149 0.426115 0.615669
0.699853 0.187525 0.072104 0.446164 0.642645
0.734356 0.196770 0.101149 0.443025 0.611314
0.723051 0.234934 0.101149 0.426115 0.615669
0.723051 0.234934 0.101149 0.426115 0.615669
0.734356 0.196770 0.101149 0.443025 0.611314
0.759868 0.246896 0.134205 0.422287 0.581622
0.734356 0.196770 0.101149 0.443025 0.611314
0.771748 0.206789 0.134205 0.439805 0.577169
0.759868 0.246896 0.134205 0.422287 0.581622
0.759868 0.246896 0.134205 0.422287 0.581622
0.771748 0.206789 0.134205 0.439805 0.577169
0.799232 0.259686 0.171363 0.418470 0.545153
0.771748 0.206789 0.134205 0.439805 0.577169
0.811728 0.217502 0.171363 0.436589 0.540611
0.799232 0.259686 0.171363 0.418470 0.545153
0.799232 0.259686 0.171363 0.418470 0.545153
0.811728 0.217502 0.171363 0.436589 0.540611
0.840918 0.273231 0.212759 0.414760 0.506675
0.811728 0.217502 0.171363 0.436589 0.540611
0.854065 0.228846 0.212759 0.433458 0.502059
0.840918 0.273231 0.212759 0.414760 0.506675
0.840918 0.273231 0.212759 0.414760 0.506675
0.854065 0.228846 0.212759 0.433458 0.502059
0.884746 0.287471 0.258551 0.411245 0.466633
0.854065 0.228846 0.212759 0.433458 0.502059
0.898579 0.240773 0.258551 0.430484 0.461963
0.884746 0.287471 0.258551 0.411245 0.466633
0.884746 0.287471 0.258551 0.411245 0.466633
0.898579 0.240773 0.258551 0.430484 0.461963
0.930569 0.302360 0.308915 0.408000 0.425501
0.898579 0.240773 0.258551 0.430484 0.461963
0.945118 0.253244 0.308915 0.427730 0.420805
0.930569 0.302360 0.308915 0.408000 0.425501
0.930569 0.302360 0.308915 0.408000 0.425501
0.945118 0.253244 0.308915 0.427730 0.420805
0.978265 0.317857 0.364038 0.405085 0.383772
0.945118 0.253244 0.308915 0.427730 0.420805
0.993559 0.266223 0.364038 0.425247 0.379080
0.978265 0.317857 0.364038 0.405085 0.383772
0.978265 0.317857 0.364038 0.405085 0.383772
0.993559 0.266223 0.364038 0.425247 0.379080
1.027729 0.333929 0.424114 0.402546 0.341931
0.993559 0.266223 0.364038 0.425247 0.379080
1.043797 0.279685 0.424114 0.423071 0.337275
1.027729 0.333929 0.424114 0.402546 0.341931
1.027729 0.333929 0.424114 0.402546 0.341931
1.043797 0.279685 0.424114 0.423071 0.337275
1.078871 0.350546 0.489343 0.400412 0.300443
1.043797 0.279685 0.424114 0.423071 0.337275
1.095739 0.293602 0.489343 0.421227 0.295854
1.078871 0.350546 0.489343 0.400412 0.300443
0.658367 0.213916 0.047048 0.433385 0.674883
0.689080 0.223896 0.072104 0.429852 0.646898
0.676417 0.259652 0.072104 0.413711 0.651886
0.676417 0.259652 0.072104 0.413711 0.651886
0.689080 0.223896 0.072104 0.429852 0.646898
0.709765 0.272453 0.101149 0.409379 0.620775
0.689080 0.223896 0.072104 0.429852 0.646898
0.723051 0.234934 0.101149 0.426115 0.615669
0.709765 0.272453 0.101149 0.409379 0.620775
0.709765 0.272453 0.101149 0.409379 0.620775
0.723051 0.234934 0.101149 0.426115 0.615669
0.745905 0.286326 0.134205 0.404944 0.586840
0.723051 0.234934 0.101149 0.426115 0.615669
0.759868 0.246896 0.134205 0.422287 0.581622
0.745905 0.286326 0.134205 0.404944 0.586840
0.745905 0.286326 0.134205 0.404944 0.586840
0.759868 0.246896 0.134205 0.422287 0.581622
0.784546 0.301159 0.171363 0.400527 0.550474
0.759868 0.246896 0.134205 0.422287 0.581622
0.799232 0.259686 0.171363 0.418470 0.545153
0.784546 0.301159 0.171363 0.400527 0.550474
0.784546 0.301159 0.171363 0.400527 0.550474
0.799232 0.259686 0.171363 0.418470 0.545153
0.825466 0.316867 0.212759 0.396239 0.512080
0.799232 0.259686 0.171363 0.418470 0.545153
0.840918 0.273231 0.212759 0.414760 0.506675
0.825466 0.316867 0.212759 0.396239 0.512080
0.825466 0.316867 0.212759 0.396239 0.512080
0.840918 0.273231 0.212759 0.414760 0.506675
0.868488 0.333381 0.258551 0.392180 0.472098
0.840918 0.273231 0.212759 0.414760 0.506675
0.884746 0.287471 0.258551 0.411245 0.466633
0.868488 0.333381 0.258551 0.392180 0.472098
0.868488 0.333381 0.258551 0.392180 0.472098
0.884746 0.287471 0.258551 0.411245 0.466633
0.913469 0.350648 0.308915 0.388439 0.430995
0.884746 0.287471 0.258551 0.411245 0.466633
0.930569 0.302360 0.308915 0.408000 0.425501
0.913469 0.350648 0.308915 0.388439 0.430995
0.913469 0.350648 0.308915 0.388439 0.430995
0.930569 0.302360 0.308915 0.408000 0.425501
0.960289 0.368620 0.364038 0.385087 0.389258
0.930569 0.302360 0.308915 0.408000 0.425501
0.978265 0.317857 0.364038 0.405085 0.383772
0.960289 0.368620 0.364038 0.385087 0.389258
0.960289 0.368620 0.364038 0.385087 0.389258
0.978265 0.317857 0.364038 0.405085 0.383772
1.008844 0.387259 0.424114 0.382178 0.347374
0.978265 0.317857 0.364038 0.405085 0.383772
1.027729 0.333929 0.424114 0.402546 0.341931
1.008844 0.387259 0.424114 0.382178 0.347374
0.745905 0.286326 0.134205 0.404944 0.586840
0.784546 0.301159 0.171363 0.400527 0.550474
0.767709 0.341806 0.171363 0.382789 0.556571
0.767709 0.341806 0.171363 0.382789 0.556571
0.784546 0.301159 0.171363 0.400527 0.550474
0.807751 0.359634 0.212759 0.377920 0.518271
0.784546 0.301159 0.171363 0.400527 0.550474
0.825466 0.316867 0.212759 0.396239 0.512080
0.807751 0.359634 0.212759 0.377920 0.518271
0.807751 0.359634 0.212759 0.377920 0.518271
0.825466 0.316867 0.212759 0.396239 0.512080
0.849850 0.378378 0.258551 0.373315 0.478355
0.825466 0.316867 0.212759 0.396239 0.512080
0.868488 0.333381 0.258551 0.392180 0.472098
0.849850 0.378378 0.258551 0.373315 0.478355
0.849850 0.378378 0.258551 0.373315 0.478355
0.868488 0.333381 0.258551 0.392180 0.472098
0.893866 0.397975 0.308915 0.369073 0.437282
0.868488 0.333381 0.258551 0.392180 0.472098
0.913469 0.350648 0.308915 0.388439 0.430995
0.893866 0.397975 0.308915 0.369073 0.437282
0.893866 0.397975 0.308915 0.369073 0.437282
0.913469 0.350648 0.308915 0.388439 0.430995
0.939681 0.418373 0.364038 0.365278 0.395536
0.913469 0.350648 0.308915 0.388439 0.430995
0.960289 0.368620 0.364038 0.385087 0.389258
0.939681 0.418373 0.364038 0.365278 0.395536
